Year	Month	TMax	TMin	PAR	PREC	CO2
1600-1950	1	3.19	-9.36	273.21	38.65	315.7
1600-1950	2	6.25	-8.24	347.02	27.72	315.88
1600-1950	3	11.2	-5.73	415.15	6.42	315.62
1600-1950	4	17.01	-0.53	485.09	25.08	315.56
1600-1950	5	19.69	3.39	498.07	26.41	315.5
1600-1950	6	25.68	8.52	536.11	27.79	315.92
1600-1950	7	28.62	11.64	510.14	93.56	315.66
1600-1950	8	25.81	10.04	456.33	87.93	315.81
1600-1950	9	24.92	8.52	416.39	40.12	316.55
1600-1950	10	18.14	1.54	367.24	12.79	316.19
1600-1950	11	12.93	-3.15	295.24	2.92	316.78
1600-1950	12	7.98	-10.2	295.89	6.88	316.52
1951	1	1.65	-12.58	307.29	47.73	316.51
1951	2	8.2	-6.16	383.0	10.26	316.47
1951	3	7.57	-6.06	396.61	54.28	316.49
1951	4	12.37	-3.64	502.12	38.96	316.86
1951	5	19.4	2.83	482.78	30.65	317.24
1951	6	27.4	9.47	529.45	6.67	317.36
1951	7	27.89	12.0	455.43	98.07	317.3
1951	8	27.76	11.29	422.14	79.35	316.92
1951	9	24.34	8.26	413.33	16.31	316.87
1951	10	17.73	2.18	352.58	52.89	316.76
1951	11	10.73	-2.74	301.75	59.01	316.98
1951	12	5.07	-9.46	259.8	16.28	317.13
1952	1	2.95	-10.8	308.41	15.28	317.03
1952	2	4.52	-8.21	389.87	29.53	317.28
1952	3	10.18	-5.25	451.99	35.29	317.47
1952	4	18.7	-0.06	496.75	2.16	317.27
1952	5	25.61	5.22	515.65	5.22	317.7
1952	6	31.27	9.92	537.65	0.42	317.48
1952	7	30.34	12.4	477.06	52.03	317.7
1952	8	27.89	10.54	453.41	63.32	317.8
1952	9	25.0	7.65	395.09	17.36	317.49
1952	10	19.28	1.72	377.5	15.37	318.35
1952	11	10.73	-2.81	267.44	31.09	318.13
1952	12	6.89	-6.53	271.89	18.51	317.94
1953	1	3.29	-10.49	303.35	17.91	318.06
1953	2	5.34	-7.83	392.84	26.96	318.11
1953	3	12.73	-2.77	416.14	26.2	318.57
1953	4	14.4	-1.17	544.69	35.2	318.45
1953	5	19.59	3.68	525.82	23.0	318.2
1953	6	24.57	7.46	518.21	23.03	318.27
1953	7	27.35	10.2	484.33	81.5	318.67
1953	8	25.42	9.54	451.99	105.51	318.48
1953	9	25.75	8.03	418.99	12.9	319.03
1953	10	21.35	3.03	351.89	14.12	318.33
1953	11	10.86	-4.97	287.23	19.16	318.62
1953	12	7.11	-7.86	269.82	9.26	318.61
1954	1	6.17	-7.33	321.67	29.94	318.91
1954	2	8.92	-6.45	404.14	6.46	318.68
1954	3	12.24	-3.72	456.3	39.58	318.69
1954	4	12.95	-1.55	504.8	48.3	319.09
1954	5	20.46	4.13	527.88	27.01	319.39
1954	6	25.45	8.45	468.98	54.65	319.16
1954	7	30.99	12.88	481.17	19.71	318.77
1954	8	26.81	10.76	420.7	89.39	318.83
1954	9	25.14	7.56	424.69	12.53	319.06
1954	10	19.05	1.2	334.57	11.49	319.0
1954	11	11.64	-5.16	291.48	18.11	319.1
1954	12	3.89	-10.31	255.41	14.02	319.25
1955	1	1.31	-11.94	307.22	47.57	319.67
1955	2	7.0	-7.87	399.17	4.88	319.61
1955	3	7.63	-5.34	414.57	97.62	319.55
1955	4	12.64	-3.54	480.36	31.94	319.48
1955	5	20.86	3.94	485.38	13.57	319.42
1955	6	29.48	9.9	495.38	2.77	319.69
1955	7	30.55	13.63	459.8	34.14	319.58
1955	8	28.56	11.68	479.01	80.25	319.81
1955	9	23.09	7.41	398.95	48.45	319.56
1955	10	19.53	1.03	344.07	1.88	319.78
1955	11	10.7	-5.76	288.75	15.07	319.72
1955	12	4.38	-9.3	304.02	22.73	319.59
1956	1	5.49	-9.23	319.31	5.8	319.48
1956	2	7.6	-6.34	348.6	42.27	319.97
1956	3	7.89	-5.47	451.43	75.92	319.65
1956	4	15.76	-1.22	456.97	36.11	319.8
1956	5	23.28	3.3	486.51	0.75	319.36
1956	6	29.31	9.8	463.14	11.46	319.65
1956	7	31.0	12.58	476.34	38.44	320.51
1956	8	27.41	10.39	452.18	93.62	319.93
1956	9	22.09	6.04	401.2	54.32	320.68
1956	10	18.7	1.09	350.86	13.72	320.36
1956	11	8.12	-4.19	272.57	88.82	320.87
1956	12	1.85	-10.33	269.55	22.05	320.26
1957	1	1.93	-10.69	310.52	10.46	320.63
1957	2	3.9	-9.22	364.2	11.5	321.1
1957	3	10.34	-5.23	447.3	40.54	321.16
1957	4	15.28	-1.62	518.5	10.12	321.51
1957	5	21.32	4.63	443.98	22.02	321.18
1957	6	24.2	6.86	529.57	22.18	321.52
1957	7	28.1	11.63	504.75	80.33	321.49
1957	8	28.67	10.98	420.31	51.22	321.5
1957	9	25.68	8.36	457.79	23.32	321.54
1957	10	16.28	3.19	366.96	39.84	321.18
1957	11	12.08	-2.79	292.6	8.74	321.84
1957	12	3.85	-10.58	261.49	17.75	321.95
1958	1	5.57	-9.15	313.07	21.36	322.07
1958	2	4.79	-7.01	399.48	29.92	321.94
1958	3	13.5	-3.86	455.47	15.03	321.72
1958	4	15.6	-0.57	483.25	22.86	322.05
1958	5	22.33	3.18	504.39	1.14	322.27
1958	6	28.83	8.04	460.49	2.47	321.94
1958	7	30.75	11.91	460.61	40.98	321.66
1958	8	25.33	10.13	402.12	120.17	322.04
1958	9	24.4	6.41	422.76	29.6	322.19
1958	10	18.5	1.25	370.24	25.19	322.36
1958	11	12.76	-3.56	287.38	4.95	322.78
1958	12	6.51	-10.06	300.04	9.17	322.86
1959	1	4.54	-10.05	313.92	5.48	315.7
1959	2	8.93	-7.64	400.2	17.83	315.88
1959	3	14.9	-2.75	500.53	0.12	315.62
1959	4	17.78	-1.01	517.06	5.56	315.56
1959	5	19.9	2.72	521.88	19.33	315.5
1959	6	26.97	9.57	525.48	19.32	315.92
1959	7	25.89	10.93	461.28	121.76	315.66
1959	8	26.85	10.04	468.93	61.56	315.81
1959	9	22.8	7.45	438.85	72.27	316.55
1959	10	18.28	0.48	348.84	10.15	316.19
1959	11	10.03	-2.94	302.09	65.16	316.78
1959	12	1.66	-10.42	292.58	26.75	316.52
1960	1	0.09	-13.96	321.08	28.36	316.51
1960	2	9.21	-5.35	393.76	14.57	316.47
1960	3	11.23	-6.06	478.67	9.44	316.49
1960	4	15.99	-0.54	479.1	47.81	316.86
1960	5	20.85	3.72	515.34	16.57	317.24
1960	6	30.35	10.76	538.42	11.43	317.36
1960	7	28.13	12.31	414.09	53.73	317.3
1960	8	27.94	11.03	450.1	59.33	316.92
1960	9	23.43	6.87	401.3	32.49	316.87
1960	10	14.67	0.54	387.46	91.71	316.76
1960	11	8.57	-5.38	287.65	39.08	316.98
1960	12	4.19	-9.46	269.11	14.23	317.13
1961	1	2.93	-9.64	318.53	43.29	317.03
1961	2	10.17	-5.01	407.43	16.35	317.28
1961	3	9.04	-4.95	412.89	63.64	317.47
1961	4	15.07	-1.96	520.11	12.39	317.27
1961	5	18.32	2.53	517.91	53.5	317.7
1961	6	22.13	6.47	482.58	22.37	317.48
1961	7	27.5	12.19	447.09	74.41	317.7
1961	8	24.81	10.11	425.94	108.57	317.8
1961	9	23.64	6.8	407.7	23.26	317.49
1961	10	19.35	1.08	379.83	2.84	318.35
1961	11	12.63	-4.96	274.52	11.91	318.13
1961	12	7.47	-6.18	274.96	19.0	317.94
1962	1	8.53	-6.37	326.21	11.5	318.06
1962	2	6.19	-9.57	387.57	16.53	318.11
1962	3	10.1	-5.72	472.39	30.92	318.57
1962	4	17.04	-0.58	532.79	3.01	318.45
1962	5	22.15	4.99	439.43	23.04	318.2
1962	6	27.71	10.5	534.33	27.03	318.27
1962	7	27.34	10.74	462.1	128.88	318.67
1962	8	25.5	10.14	433.01	103.64	318.48
1962	9	22.18	6.22	439.63	33.93	319.03
1962	10	18.24	0.9	355.5	16.27	318.33
1962	11	6.52	-7.2	304.16	59.44	318.62
1962	12	4.67	-6.93	284.58	39.93	318.61
1963	1	2.04	-11.06	299.35	57.24	318.91
1963	2	9.1	-6.04	340.14	22.15	318.68
1963	3	13.57	-2.41	452.11	11.42	318.69
1963	4	14.69	-1.43	497.85	48.51	319.09
1963	5	18.95	3.35	507.83	55.14	319.39
1963	6	23.2	7.97	520.8	104.41	319.16
1963	7	26.06	10.91	478.97	173.88	318.77
1963	8	23.54	8.98	385.71	122.69	318.83
1963	9	21.81	6.43	461.14	44.35	319.06
1963	10	19.75	2.85	359.05	29.9	319.0
1963	11	11.65	-4.86	308.9	3.29	319.1
1963	12	8.5	-6.14	274.3	27.57	319.25
1964	1	3.97	-9.1	291.43	10.76	319.67
1964	2	9.49	-5.63	383.57	7.51	319.61
1964	3	12.53	-4.32	443.34	2.52	319.55
1964	4	16.96	0.27	481.5	20.35	319.48
1964	5	23.02	5.53	460.41	14.91	319.42
1964	6	29.28	9.74	516.06	2.3	319.69
1964	7	27.64	11.08	479.87	44.51	319.58
1964	8	28.52	11.96	431.64	69.97	319.81
1964	9	22.42	5.6	418.0	39.04	319.56
1964	10	18.67	2.44	340.48	21.88	319.78
1964	11	9.59	-4.95	283.99	14.39	319.72
1964	12	-1.78	-15.86	262.41	16.63	319.59
1965	1	2.8	-9.06	307.72	10.6	319.48
1965	2	4.95	-7.94	393.44	14.83	319.97
1965	3	8.14	-5.44	424.48	36.24	319.65
1965	4	13.01	-2.7	482.1	30.5	319.8
1965	5	20.8	4.54	496.62	29.79	319.36
1965	6	28.84	10.26	511.17	16.59	319.65
1965	7	27.53	11.72	510.47	60.72	320.51
1965	8	28.01	10.64	436.04	46.68	319.93
1965	9	23.92	8.43	418.84	40.02	320.68
1965	10	19.48	1.53	402.41	21.9	320.36
1965	11	8.94	-4.18	290.44	47.15	320.87
1965	12	5.55	-7.67	252.07	11.97	320.26
1966	1	4.39	-8.4	312.44	11.04	320.63
1966	2	9.33	-5.89	365.04	17.66	321.1
1966	3	11.83	-3.9	471.2	14.76	321.16
1966	4	17.86	-1.24	502.12	11.68	321.51
1966	5	21.32	3.92	538.71	75.82	321.18
1966	6	25.69	7.63	474.36	42.19	321.52
1966	7	25.78	10.03	446.58	94.72	321.49
1966	8	27.87	10.48	437.7	86.16	321.5
1966	9	25.0	6.02	415.76	5.04	321.54
1966	10	17.28	-0.37	355.75	71.62	321.18
1966	11	7.3	-7.45	301.55	12.62	321.84
1966	12	6.97	-7.77	274.05	7.52	321.95
1967	1	7.76	-8.16	306.68	5.65	322.07
1967	2	10.42	-5.64	384.43	17.46	321.94
1967	3	9.92	-6.19	538.71	13.38	321.72
1967	4	16.72	0.16	481.2	33.35	322.05
1967	5	25.03	5.13	499.23	16.35	322.27
1967	6	29.61	9.85	513.82	1.97	321.94
1967	7	27.5	10.92	457.3	70.65	321.66
1967	8	25.32	9.43	429.45	94.34	322.04
1967	9	24.7	7.74	410.07	25.88	322.19
1967	10	19.54	2.32	367.36	14.41	322.36
1967	11	12.78	-5.56	291.62	24.59	322.78
1967	12	7.89	-8.68	275.17	5.6	322.86
1968	1	4.28	-10.18	304.67	7.86	322.55
1968	2	9.74	-7.25	357.65	23.5	322.56
1968	3	10.29	-6.26	431.14	5.78	322.59
1968	4	14.43	-2.03	497.56	8.96	322.73
1968	5	21.44	3.14	552.98	63.18	322.87
1968	6	25.16	8.37	526.94	56.84	323.2
1968	7	26.66	11.06	403.21	63.94	323.25
1968	8	25.08	10.53	456.56	118.03	323.15
1968	9	23.9	7.52	440.69	25.92	323.31
1968	10	15.62	-2.66	317.55	11.06	323.32
1968	11	11.57	-6.99	299.88	1.83	323.32
1968	12	1.25	-11.84	279.57	22.76	323.69
1969	1	3.3	-10.89	293.1	17.09	323.98
1969	2	4.29	-7.56	385.46	20.41	323.89
1969	3	9.23	-4.84	416.81	51.82	324.41
1969	4	15.28	-1.17	483.22	12.81	324.35
1969	5	21.1	4.18	491.89	8.3	324.57
1969	6	25.95	7.58	499.08	21.84	324.63
1969	7	27.36	10.72	437.11	68.42	325.08
1969	8	25.46	9.35	433.23	68.64	324.8
1969	9	25.33	8.34	426.28	11.29	325.28
1969	10	17.97	0.08	378.32	13.08	324.84
1969	11	9.03	-6.05	310.88	17.04	324.78
1969	12	5.71	-9.63	263.89	6.21	324.88
1970	1	6.02	-10.71	315.99	3.61	325.04
1970	2	8.79	-5.48	369.89	47.56	325.42
1970	3	8.85	-6.13	409.9	21.49	325.69
1970	4	17.11	-0.19	502.76	28.62	325.86
1970	5	20.73	4.09	541.59	20.97	325.27
1970	6	26.65	8.72	476.03	53.11	325.52
1970	7	27.82	11.32	475.75	62.01	325.51
1970	8	27.12	10.4	455.01	72.44	325.76
1970	9	22.72	7.69	446.58	87.38	325.93
1970	10	16.78	0.78	303.16	29.31	326.15
1970	11	11.21	-5.3	315.22	5.9	325.96
1970	12	6.54	-7.8	287.85	14.39	326.06
1971	1	8.38	-7.27	307.26	25.76	326.25
1971	2	6.68	-9.09	396.52	6.47	326.1
1971	3	14.26	-3.12	477.54	2.73	325.94
1971	4	18.51	-0.89	502.85	18.77	325.47
1971	5	24.03	5.98	513.42	10.88	326.11
1971	6	25.5	7.78	519.62	30.0	326.4
1971	7	29.9	11.91	456.13	27.68	326.45
1971	8	27.15	10.44	431.7	106.86	326.49
1971	9	22.49	5.75	455.56	36.55	326.19
1971	10	15.74	1.02	369.98	65.16	326.58
1971	11	9.3	-3.45	277.11	29.9	326.82
1971	12	6.14	-7.89	292.08	21.39	327.02
1972	1	5.79	-7.13	303.41	32.01	326.85
1972	2	9.81	-5.03	417.55	24.25	327.04
1972	3	10.17	-3.6	478.43	54.49	326.53
1972	4	14.19	-1.37	489.52	20.7	327.42
1972	5	20.64	3.32	539.03	8.86	327.23
1972	6	28.55	8.83	519.95	22.2	326.92
1972	7	28.77	12.38	453.31	151.51	327.2
1972	8	28.89	11.16	484.21	22.74	327.37
1972	9	26.12	7.15	376.51	11.77	327.76
1972	10	16.34	0.08	350.91	37.37	328.06
1972	11	7.92	-3.72	294.43	58.07	328.5
1972	12	7.11	-6.3	261.3	13.01	328.56
1973	1	4.16	-8.29	314.0	28.77	328.58
1973	2	8.1	-6.53	299.27	10.8	328.86
1973	3	11.57	-3.62	446.59	45.2	328.99
1973	4	17.6	0.19	501.2	2.0	329.14
1973	5	23.05	4.21	522.65	8.81	329.62
1973	6	28.82	8.83	512.27	7.63	329.94
1973	7	26.71	12.18	510.47	134.93	330.05
1973	8	24.21	9.71	438.77	83.78	330.42
1973	9	21.14	7.53	445.74	57.39	330.45
1973	10	16.8	2.46	353.42	78.84	330.24
1973	11	10.13	-4.9	278.11	13.04	330.16
1973	12	5.46	-6.75	280.09	33.13	329.66
1974	1	6.64	-6.74	284.56	21.3	329.45
1974	2	8.55	-5.27	375.61	13.53	330.12
1974	3	8.55	-5.71	456.73	35.1	330.2
1974	4	17.28	-0.67	429.11	8.36	330.26
1974	5	22.65	3.6	526.45	9.2	330.28
1974	6	28.94	8.2	505.34	3.06	329.94
1974	7	28.07	11.89	483.47	59.54	330.23
1974	8	26.46	10.67	459.21	124.86	330.26
1974	9	24.67	7.55	407.56	26.74	330.28
1974	10	20.73	1.35	336.03	4.02	330.36
1974	11	8.98	-6.55	268.65	18.51	330.28
1974	12	7.78	-8.04	297.96	7.18	330.55
1975	1	5.01	-9.68	262.41	9.27	330.89
1975	2	10.53	-6.05	314.22	6.65	330.93
1975	3	16.84	-2.9	436.05	1.96	330.54
1975	4	18.04	-0.15	482.93	3.88	330.67
1975	5	19.79	2.45	507.51	7.36	330.98
1975	6	24.82	7.43	520.21	42.13	331.2
1975	7	25.85	11.29	503.43	84.3	331.12
1975	8	27.99	9.35	459.04	27.2	331.11
1975	9	22.81	5.76	426.85	27.59	331.48
1975	10	16.97	2.38	332.68	81.82	331.46
1975	11	11.47	-4.03	307.15	12.76	331.41
1975	12	9.42	-7.53	285.14	10.69	331.6
1976	1	2.48	-10.77	326.54	27.37	331.79
1976	2	4.41	-9.14	412.88	27.47	332.2
1976	3	9.65	-4.63	431.85	33.92	332.05
1976	4	13.18	-1.44	519.0	34.05	332.13
1976	5	17.74	2.44	516.81	31.92	331.84
1976	6	24.35	6.82	506.5	9.93	331.65
1976	7	30.92	12.11	415.37	21.28	332.14
1976	8	27.54	11.11	404.86	77.08	331.88
1976	9	23.82	6.42	431.36	15.34	331.94
1976	10	21.02	2.98	348.7	11.77	331.92
1976	11	8.21	-5.97	302.42	42.27	332.29
1976	12	6.11	-7.51	262.94	16.15	332.66
1977	1	5.3	-9.24	305.19	9.72	332.76
1977	2	8.01	-6.67	395.81	25.85	332.51
1977	3	10.97	-3.52	460.99	58.34	333.35
1977	4	16.32	1.42	482.73	39.17	333.51
1977	5	23.57	6.15	504.52	5.37	333.98
1977	6	27.35	8.69	510.32	28.5	333.8
1977	7	29.93	11.84	448.63	18.32	334.02
1977	8	29.41	11.52	457.72	39.38	333.91
1977	9	23.27	7.44	400.88	47.34	334.36
1977	10	15.67	0.8	375.51	56.07	334.52
1977	11	10.09	-3.72	296.96	55.81	334.64
1977	12	3.24	-10.96	260.58	17.76	334.61
1978	1	6.52	-7.14	316.22	15.31	335.01
1978	2	4.35	-7.46	383.81	16.36	334.58
1978	3	8.06	-6.72	515.5	36.73	335.0
1978	4	11.97	-1.88	510.96	29.07	335.06
1978	5	19.04	2.72	482.74	28.59	335.06
1978	6	27.41	8.38	545.56	24.66	335.59
1978	7	29.72	12.3	428.03	78.12	335.57
1978	8	28.32	11.41	428.24	40.74	335.87
1978	9	23.07	7.29	437.8	27.56	335.51
1978	10	15.2	0.6	351.51	59.86	335.68
1978	11	9.74	-4.3	285.7	33.62	335.99
1978	12	3.12	-8.22	256.64	31.6	335.88
1979	1	5.29	-5.99	321.43	17.45	336.22
1979	2	3.4	-8.38	407.91	27.07	336.01
1979	3	11.74	-3.98	426.29	25.47	336.54
1979	4	16.02	-0.3	509.27	37.7	336.24
1979	5	20.17	3.3	494.29	40.89	336.21
1979	6	26.95	8.29	474.8	16.78	336.84
1979	7	28.3	10.23	475.24	34.95	336.72
1979	8	27.82	10.98	463.27	59.77	337.24
1979	9	22.4	7.74	404.56	45.94	337.2
1979	10	15.31	0.94	344.41	104.2	337.53
1979	11	9.9	-4.41	302.8	9.81	337.57
1979	12	7.26	-8.42	270.3	4.31	337.79
1980	1	6.31	-7.38	273.21	24.4	338.09
1980	2	8.57	-6.55	347.02	12.61	337.82
1980	3	10.57	-4.57	415.15	34.97	338.43
1980	4	17.58	-0.82	485.09	12.95	338.3
1980	5	21.56	3.81	498.07	10.44	338.43
1980	6	28.08	10.65	536.11	70.33	338.84
1980	7	26.91	11.46	510.14	91.95	338.54
1980	8	26.37	10.71	456.33	101.62	339.12
1980	9	24.98	7.81	416.39	23.99	339.33
1980	10	16.34	0.67	367.24	47.53	339.42
1980	11	7.14	-6.14	295.24	18.75	339.42
1980	12	7.29	-8.18	295.89	8.79	339.26
1981	1	3.67	-10.4	307.29	13.49	339.38
1981	2	3.45	-11.05	383.0	29.34	339.93
1981	3	12.3	-4.21	396.61	24.92	340.06
1981	4	18.54	1.35	502.12	9.07	339.94
1981	5	22.27	5.17	482.78	83.01	339.98
1981	6	28.86	10.12	529.45	7.05	340.07
1981	7	28.73	11.6	455.43	53.71	339.92
1981	8	24.45	10.43	422.14	123.47	339.86
1981	9	21.27	6.54	413.33	63.96	340.17
1981	10	17.36	1.61	352.58	19.1	340.43
1981	11	8.91	-4.07	301.75	27.8	340.74
1981	12	5.8	-7.34	259.8	27.72	340.79
1982	1	4.75	-7.59	308.41	19.89	341.1
1982	2	7.11	-5.69	389.87	12.49	341.1
1982	3	11.1	-3.9	451.99	14.66	341.21
1982	4	15.24	-0.76	496.75	66.16	341.37
1982	5	18.46	2.07	515.65	25.85	341.56
1982	6	28.1	10.16	537.65	13.7	341.35
1982	7	29.02	11.46	477.06	83.24	341.55
1982	8	25.44	10.01	453.41	65.02	341.51
1982	9	20.62	5.59	395.09	111.81	341.47
1982	10	16.54	-0.6	377.5	33.12	341.65
1982	11	8.77	-4.63	267.44	31.53	341.73
1982	12	4.74	-7.17	271.89	66.87	341.79
1983	1	6.02	-6.74	303.35	6.81	341.84
1983	2	11.59	-4.07	392.84	18.38	342.32
1983	3	13.32	-2.55	416.14	53.65	341.82
1983	4	14.62	-0.93	544.69	50.39	342.66
1983	5	19.4	4.08	525.82	48.01	342.87
1983	6	25.61	8.31	518.21	6.98	343.15
1983	7	28.38	12.43	484.33	67.66	343.44
1983	8	28.06	10.95	451.99	39.46	343.66
1983	9	23.69	6.39	418.99	33.73	343.49
1983	10	15.55	0.11	351.89	63.11	343.72
1983	11	11.68	-2.55	287.23	15.5	343.71
1983	12	3.62	-10.65	269.82	5.76	343.96
1984	1	2.82	-10.47	321.67	15.85	344.2
1984	2	7.14	-6.43	404.14	18.94	344.22
1984	3	11.62	-3.57	456.3	5.62	344.09
1984	4	17.09	-0.83	504.8	4.46	344.27
1984	5	20.21	3.87	527.88	41.06	344.45
1984	6	26.9	8.22	468.98	8.25	344.51
1984	7	30.01	12.26	481.17	39.43	344.76
1984	8	26.58	10.69	420.7	92.77	344.94
1984	9	21.81	8.16	424.69	37.0	344.58
1984	10	19.08	1.58	334.57	2.02	345.01
1984	11	12.47	-4.4	291.48	24.37	345.2
1984	12	4.88	-11.1	255.41	12.85	345.57
1985	1	8.2	-7.28	307.22	23.74	345.31
1985	2	7.39	-7.68	399.17	11.49	345.61
1985	3	13.94	-4.74	414.57	5.98	346.37
1985	4	19.81	1.15	480.36	7.91	345.79
1985	5	23.88	3.53	485.38	4.6	345.91
1985	6	27.84	10.23	495.38	31.92	345.94
1985	7	28.89	12.05	459.8	93.14	345.89
1985	8	27.6	10.38	479.01	60.98	346.34
1985	9	22.71	7.83	398.95	32.28	346.4
1985	10	18.59	2.51	344.07	17.88	346.42
1985	11	10.79	-3.07	288.75	33.44	346.61
1985	12	5.59	-7.36	304.02	16.16	346.81
1986	1	4.62	-10.41	319.31	33.54	346.59
1986	2	4.58	-9.0	348.6	7.31	346.74
1986	3	11.21	-4.43	451.43	0.2	346.68
1986	4	15.15	-1.2	456.97	29.48	347.22
1986	5	22.97	5.73	486.51	14.43	347.26
1986	6	29.39	9.52	463.14	17.54	347.52
1986	7	30.94	13.66	476.34	10.64	347.33
1986	8	28.02	11.19	452.18	71.07	347.4
1986	9	24.27	8.5	401.2	75.61	348.35
1986	10	15.76	1.3	350.86	42.53	347.77
1986	11	7.08	-5.23	272.57	33.65	348.04
1986	12	1.52	-12.65	269.55	11.02	348.13
1987	1	0.16	-14.58	310.52	13.0	348.47
1987	2	4.66	-7.84	364.2	30.3	348.02
1987	3	10.13	-4.52	447.3	30.88	348.3
1987	4	11.92	-2.49	518.5	45.92	348.77
1987	5	20.33	4.43	443.98	20.15	349.01
1987	6	26.46	8.23	529.57	10.63	349.2
1987	7	28.52	13.03	504.75	116.62	349.39
1987	8	26.95	11.02	420.31	63.73	349.5
1987	9	23.17	7.42	457.79	31.3	349.7
1987	10	17.52	3.86	366.96	108.09	349.86
1987	11	7.93	-4.71	292.6	42.74	350.07
1987	12	4.21	-8.16	261.49	23.68	350.05
1988	1	7.98	-6.35	313.07	3.62	350.38
1988	2	8.43	-5.53	399.48	28.32	350.94
1988	3	7.56	-4.95	455.47	56.7	350.87
1988	4	14.29	-1.13	483.25	32.88	351.01
1988	5	16.4	1.43	504.39	29.49	351.06
1988	6	24.64	8.3	460.49	60.56	351.37
1988	7	26.68	9.63	460.61	49.86	352.02
1988	8	26.11	10.95	402.12	96.94	351.9
1988	9	24.34	6.73	422.76	2.77	352.13
1988	10	15.18	1.1	370.24	79.31	352.41
1988	11	7.99	-6.22	287.38	5.03	352.34
1988	12	6.72	-7.23	300.04	11.52	352.35
1989	1	4.94	-10.48	313.92	35.29	352.85
1989	2	7.7	-5.95	400.2	20.82	352.54
1989	3	9.59	-4.79	500.53	40.7	352.47
1989	4	17.04	-1.64	517.06	0.37	352.97
1989	5	22.43	4.57	521.88	48.02	352.67
1989	6	25.8	9.41	525.48	55.23	352.97
1989	7	28.31	11.37	461.28	62.61	353.3
1989	8	26.44	11.02	468.93	103.2	353.37
1989	9	23.7	6.14	438.85	23.54	353.32
1989	10	20.18	3.77	348.84	16.66	353.52
1989	11	12.65	-6.56	302.09	5.93	353.65
1989	12	8.6	-6.76	292.58	10.2	353.81
1990	1	2.5	-12.1	321.08	18.26	353.75
1990	2	6.62	-7.94	393.76	9.12	354.33
1990	3	14.02	-3.35	478.67	5.59	354.24
1990	4	18.58	-1.53	479.1	1.32	353.68
1990	5	22.06	4.9	515.34	18.42	354.16
1990	6	30.6	9.76	538.42	11.91	353.97
1990	7	29.78	12.86	414.09	70.82	354.19
1990	8	26.38	9.96	450.1	78.85	354.61
1990	9	24.91	8.73	401.3	23.94	354.61
1990	10	20.34	1.36	387.46	40.06	354.89
1990	11	9.55	-4.32	287.65	22.14	355.13
1990	12	5.92	-7.93	269.11	12.8	355.19
1991	1	5.14	-8.54	318.53	15.2	354.82
1991	2	8.69	-6.24	407.43	11.72	355.02
1991	3	14.3	-3.12	412.89	4.03	355.67
1991	4	18.05	-1.83	520.11	2.49	356.02
1991	5	23.44	5.55	517.91	36.69	356.0
1991	6	25.99	8.02	482.58	23.82	355.8
1991	7	29.67	12.58	447.09	46.91	355.59
1991	8	27.45	10.55	425.94	81.06	355.46
1991	9	25.19	6.92	407.7	12.86	355.56
1991	10	19.96	1.2	379.83	15.1	355.62
1991	11	8.71	-6.12	274.52	42.2	355.8
1991	12	5.59	-10.05	274.96	6.0	355.93
1992	1	1.8	-11.34	326.21	6.96	356.2
1992	2	6.47	-8.23	387.57	12.97	356.38
1992	3	15.74	-2.01	472.39	3.07	356.27
1992	4	17.69	0.87	532.79	37.58	356.39
1992	5	23.59	3.5	439.43	17.86	356.41
1992	6	28.31	8.97	534.33	4.96	356.97
1992	7	29.34	11.62	462.1	50.88	356.44
1992	8	28.71	11.93	433.01	89.23	356.62
1992	9	25.9	8.95	439.63	16.0	356.29
1992	10	17.35	0.47	355.5	33.29	356.63
1992	11	8.42	-6.18	304.16	44.3	356.38
1992	12	4.56	-9.45	284.58	20.07	356.39
1993	1	7.58	-7.23	299.35	6.82	356.96
1993	2	8.04	-6.14	340.14	10.62	356.44
1993	3	13.98	-3.83	452.11	0.49	356.76
1993	4	17.44	-0.2	497.85	9.48	356.59
1993	5	20.93	3.4	507.83	15.84	357.03
1993	6	27.39	9.51	520.8	11.15	357.12
1993	7	28.31	10.63	478.97	68.14	356.76
1993	8	26.26	10.37	385.71	110.42	357.32
1993	9	23.55	6.7	461.14	30.04	357.39
1993	10	19.25	2.05	359.05	15.55	357.49
1993	11	10.78	-7.53	308.9	3.07	357.54
1993	12	4.39	-8.79	274.3	22.32	357.8
1994	1	5.12	-8.46	291.43	9.86	358.13
1994	2	7.17	-7.79	383.57	14.24	358.09
1994	3	11.28	-4.41	443.34	9.08	358.29
1994	4	16.07	-1.26	481.5	26.65	358.46
1994	5	23.19	5.75	460.41	30.7	358.46
1994	6	24.88	8.06	516.06	93.36	358.44
1994	7	30.3	13.05	479.87	62.86	358.79
1994	8	27.04	9.99	431.64	55.95	359.16
1994	9	27.1	9.03	418.0	28.03	359.17
1994	10	18.95	2.83	340.48	53.49	359.49
1994	11	11.5	-5.57	283.99	2.72	359.68
1994	12	5.13	-10.52	262.41	22.54	359.83
1995	1	2.22	-12.83	307.72	11.19	359.79
1995	2	6.98	-7.79	393.44	16.98	360.05
1995	3	12.83	-3.92	424.48	23.8	360.22
1995	4	16.32	-0.66	482.1	40.48	360.62
1995	5	25.35	4.94	496.62	3.57	360.58
1995	6	26.59	9.21	511.17	38.18	360.84
1995	7	27.25	11.52	510.47	67.76	360.97
1995	8	26.28	10.82	436.04	83.91	360.73
1995	9	25.33	7.68	418.84	43.99	361.55
1995	10	18.42	0.62	402.41	7.63	361.37
1995	11	15.13	-3.52	290.44	5.52	361.59
1995	12	3.25	-9.3	252.07	44.84	361.53
1996	1	4.16	-10.23	312.44	14.78	361.85
1996	2	8.94	-5.49	365.04	22.53	362.35
1996	3	10.51	-5.29	471.2	20.0	362.53
1996	4	19.96	1.86	502.12	8.79	361.86
1996	5	22.37	4.73	538.71	15.71	362.1
1996	6	26.74	9.92	474.36	23.16	362.69
1996	7	26.12	10.81	446.58	85.88	362.85
1996	8	25.93	10.37	437.7	85.54	362.98
1996	9	24.52	7.96	415.76	60.63	362.99
1996	10	18.69	2.39	355.75	24.4	362.97
1996	11	11.29	-2.95	301.55	32.77	363.03
1996	12	5.74	-7.84	274.05	11.73	363.08
1997	1	7.36	-7.5	306.68	4.6	362.88
1997	2	8.19	-7.34	384.43	10.56	363.22
1997	3	13.76	-3.47	538.71	1.13	362.88
1997	4	17.87	0.65	481.2	45.48	363.68
1997	5	21.31	3.6	499.23	39.26	363.74
1997	6	24.58	8.9	513.82	23.92	363.41
1997	7	27.96	11.34	457.3	68.24	363.6
1997	8	27.25	10.78	429.45	108.16	363.84
1997	9	23.14	8.53	410.07	29.49	363.68
1997	10	20.28	3.69	367.36	35.53	364.12
1997	11	11.72	-3.78	291.62	12.73	364.56
1997	12	4.0	-8.84	275.17	18.26	365.15
1998	1	7.16	-7.07	304.67	8.03	365.07
1998	2	10.63	-4.65	357.65	23.01	365.17
1998	3	8.7	-6.04	431.14	27.62	365.6
1998	4	15.34	-1.68	497.56	9.59	366.03
1998	5	22.12	5.72	552.98	53.08	366.55
1998	6	24.31	8.09	526.94	35.8	366.8
1998	7	29.23	12.22	403.21	29.79	367.14
1998	8	28.54	11.83	456.56	52.95	367.55
1998	9	24.64	8.73	440.69	52.49	367.37
1998	10	18.63	0.95	317.55	60.4	367.67
1998	11	11.54	-3.24	299.88	35.43	367.56
1998	12	4.43	-8.74	279.57	17.3	367.88
1999	1	6.28	-7.55	293.1	29.37	367.96
1999	2	6.41	-6.24	385.46	27.71	368.26
1999	3	10.82	-4.73	416.81	9.44	368.08
1999	4	16.48	1.27	483.22	64.36	368.45
1999	5	19.66	3.45	491.89	13.56	368.15
1999	6	27.45	10.56	499.08	43.25	368.13
1999	7	30.07	12.8	437.11	43.96	368.77
1999	8	26.7	12.42	433.23	107.43	368.48
1999	9	21.98	8.09	426.28	88.32	368.13
1999	10	17.05	2.92	378.32	33.03	368.64
1999	11	10.82	-1.85	310.88	95.79	368.71
1999	12	5.81	-6.61	263.89	16.72	368.77
2000	1	6.74	-6.66	315.99	9.0	369.08
2000	2	4.93	-6.45	369.89	41.45	368.83
2000	3	8.98	-3.99	409.9	75.85	369.09
2000	4	14.36	-0.39	502.76	38.5	369.28
2000	5	19.76	4.69	541.59	23.44	368.71
2000	6	27.84	9.07	476.03	16.02	369.5
2000	7	28.25	13.17	475.75	128.3	369.2
2000	8	24.56	10.89	455.01	110.33	369.72
2000	9	24.54	8.85	446.58	27.6	370.3
2000	10	16.59	1.76	303.16	19.96	370.26
2000	11	10.23	-5.25	315.22	17.18	370.32
2000	12	5.9	-8.21	287.85	18.09	370.3
2001	1	6.52	-6.71	307.26	39.57	370.43
2001	2	4.65	-7.83	396.52	25.4	370.78
2001	3	11.33	-3.92	477.54	21.71	370.87
2001	4	13.94	-1.45	502.85	16.01	370.81
2001	5	21.16	4.72	513.42	38.3	370.94
2001	6	28.64	10.0	519.62	49.69	370.99
2001	7	29.63	13.0	456.13	80.75	370.9
2001	8	29.49	12.06	431.7	53.19	371.22
2001	9	25.69	7.94	455.56	6.15	371.44
2001	10	17.69	0.93	369.98	49.64	371.69
2001	11	9.12	-4.97	277.11	21.36	371.74
2001	12	5.88	-8.82	292.08	8.15	371.92
2002	1	7.59	-8.9	303.41	5.62	372.3
2002	2	10.37	-4.83	417.55	20.32	372.33
2002	3	12.04	-4.06	478.43	10.97	372.44
2002	4	20.63	1.7	489.52	4.06	372.37
2002	5	23.41	5.0	539.03	24.91	372.81
2002	6	25.82	9.63	519.95	76.83	373.3
2002	7	28.71	12.25	453.31	61.31	373.42
2002	8	25.75	10.77	484.21	123.27	373.52
2002	9	22.55	7.09	376.51	40.89	374.11
2002	10	16.92	1.74	350.91	30.99	373.88
2002	11	13.7	-2.62	294.43	2.77	374.34
2002	12	7.45	-7.39	261.3	24.79	374.54
2003	1	6.47	-8.11	314.0	12.6	374.63
2003	2	10.15	-6.39	299.27	1.19	374.77
2003	3	15.9	-3.0	446.59	3.16	374.8
2003	4	19.66	0.68	501.2	4.27	375.06
2003	5	28.21	6.56	522.65	1.09	375.55
2003	6	28.28	10.09	512.27	8.1	376.03
2003	7	31.09	13.37	510.47	53.5	376.19
2003	8	27.68	11.16	438.77	85.69	376.08
2003	9	22.24	6.72	445.74	82.62	376.48
2003	10	17.73	1.96	353.42	64.06	376.47
2003	11	12.28	-3.86	278.11	34.7	376.81
2003	12	4.7	-7.65	280.09	21.42	376.75
2004	1	5.0	-8.42	284.56	26.39	376.78
2004	2	3.92	-7.73	375.61	68.44	377.02
2004	3	8.56	-4.33	456.73	71.91	377.23
2004	4	16.73	1.09	429.11	23.96	377.62
2004	5	19.84	5.23	526.45	56.11	377.48
2004	6	27.22	10.1	505.34	28.63	377.39
2004	7	28.7	12.63	483.47	68.58	376.94
2004	8	27.16	13.05	459.21	168.74	377.74
2004	9	20.68	4.77	407.56	30.57	377.62
2004	10	17.05	1.38	336.03	48.71	377.82
2004	11	8.02	-4.77	268.65	45.53	378.31
2004	12	5.8	-7.27	297.96	22.41	378.31
2005-2050	1	5.99	-6.74	262.41	6.57	378.21
2005-2050	2	5.96	-6.86	314.22	22.36	378.93
2005-2050	3	11.67	-4.26	436.05	4.6	379.27
2005-2050	4	17.65	-0.85	482.93	0.84	379.65
2005-2050	5	23.99	5.2	507.51	12.38	379.31
2005-2050	6	28.85	7.77	520.21	2.89	379.88
2005-2050	7	29.81	11.93	503.43	55.14	380.18
2005-2050	8	28.81	10.98	459.04	23.41	380.42
2005-2050	9	28.05	9.06	426.85	10.13	380.01
2005-2050	10	21.02	0.57	332.68	1.15	380.31
2005-2050	11	15.94	-1.72	307.15	4.63	380.5
2005-2050	12	7.0	-7.17	285.14	25.83	380.9
