Year	Month	TMax	TMin	PAR	PREC	CO2
1600-1950	1	3.55	-10.44	272.52	37.17	315.7
1600-1950	2	6.39	-8.67	347.68	23.03	315.88
1600-1950	3	11.78	-6.14	413.07	9.32	315.62
1600-1950	4	17.36	-0.72	484.54	22.66	315.56
1600-1950	5	20.03	3.05	492.67	34.46	315.5
1600-1950	6	26.01	8.02	531.09	21.96	315.92
1600-1950	7	28.89	11.42	507.53	85.6	315.66
1600-1950	8	25.93	9.86	469.75	95.9	315.81
1600-1950	9	25.28	8.22	422.23	42.91	316.55
1600-1950	10	18.53	1.08	366.86	13.8	316.19
1600-1950	11	13.33	-4.24	293.9	3.36	316.78
1600-1950	12	8.09	-11.06	285.51	5.97	316.52
1951	1	1.94	-13.11	300.73	51.39	316.51
1951	2	8.68	-7.1	375.97	8.03	316.47
1951	3	7.99	-6.29	393.39	48.78	316.49
1951	4	12.94	-4.01	503.16	38.01	316.86
1951	5	19.75	2.5	490.84	34.23	317.24
1951	6	27.48	8.83	530.18	12.72	317.36
1951	7	28.18	11.63	467.5	87.36	317.3
1951	8	27.85	10.93	430.15	62.52	316.92
1951	9	24.73	7.49	412.95	15.56	316.87
1951	10	17.94	1.72	350.97	50.78	316.76
1951	11	11.05	-3.13	300.16	43.65	316.98
1951	12	5.51	-10.11	258.8	15.31	317.13
1952	1	3.31	-11.41	303.3	14.87	317.03
1952	2	5.1	-8.56	389.0	27.99	317.28
1952	3	10.45	-5.77	448.09	35.59	317.47
1952	4	18.88	-0.55	498.4	5.7	317.27
1952	5	25.85	4.54	508.91	6.88	317.7
1952	6	31.44	8.9	536.64	1.16	317.48
1952	7	30.49	12.01	479.3	45.45	317.7
1952	8	28.22	10.35	453.33	60.5	317.8
1952	9	25.02	6.93	391.56	20.48	317.49
1952	10	19.78	0.78	375.37	15.01	318.35
1952	11	11.15	-3.4	263.83	35.75	318.13
1952	12	7.17	-7.41	271.13	17.28	317.94
1953	1	3.66	-10.86	301.66	20.65	318.06
1953	2	5.69	-8.53	391.01	22.68	318.11
1953	3	13.07	-3.2	415.33	24.26	318.57
1953	4	14.77	-1.62	545.26	35.53	318.45
1953	5	20.11	3.18	520.6	25.5	318.2
1953	6	24.72	7.02	509.09	24.17	318.27
1953	7	27.62	10.01	485.28	70.29	318.67
1953	8	25.78	9.28	452.2	97.95	318.48
1953	9	25.9	7.09	423.38	12.43	319.03
1953	10	21.61	1.69	355.79	19.51	318.33
1953	11	11.09	-5.73	286.74	16.77	318.62
1953	12	7.52	-8.71	266.26	9.17	318.61
1954	1	6.51	-8.03	322.77	27.41	318.91
1954	2	9.0	-7.32	401.08	6.53	318.68
1954	3	12.6	-4.39	457.07	39.17	318.69
1954	4	13.35	-2.03	511.45	47.65	319.09
1954	5	20.65	3.49	528.52	27.49	319.39
1954	6	25.81	7.91	476.73	59.62	319.16
1954	7	31.18	12.54	482.74	21.27	318.77
1954	8	27.05	10.39	419.73	80.5	318.83
1954	9	25.47	6.78	423.25	11.94	319.06
1954	10	19.24	0.36	325.63	18.35	319.0
1954	11	11.81	-6.17	291.34	14.16	319.1
1954	12	4.18	-10.89	253.5	14.16	319.25
1955	1	1.72	-12.52	309.19	49.47	319.67
1955	2	7.38	-8.75	393.89	5.48	319.61
1955	3	7.96	-5.72	408.88	91.67	319.55
1955	4	13.24	-3.98	480.93	38.6	319.48
1955	5	21.4	3.14	481.68	15.74	319.42
1955	6	29.71	9.0	494.57	3.49	319.69
1955	7	30.88	12.82	461.43	34.02	319.58
1955	8	28.66	11.25	479.67	81.64	319.81
1955	9	23.3	6.95	397.22	57.93	319.56
1955	10	19.81	-0.03	341.01	2.97	319.78
1955	11	10.89	-6.26	285.76	17.18	319.72
1955	12	4.9	-9.76	301.6	22.33	319.59
1956	1	5.79	-9.91	320.14	7.57	319.48
1956	2	7.97	-7.09	344.83	38.7	319.97
1956	3	8.36	-5.78	450.61	70.59	319.65
1956	4	16.33	-1.47	456.13	35.95	319.8
1956	5	23.49	2.81	489.99	0.5	319.36
1956	6	29.59	8.92	463.45	10.58	319.65
1956	7	31.05	11.84	469.31	34.47	320.51
1956	8	27.66	10.25	449.77	82.47	319.93
1956	9	22.25	5.45	398.36	51.04	320.68
1956	10	18.91	0.23	351.78	14.99	320.36
1956	11	8.49	-4.62	272.39	86.45	320.87
1956	12	2.4	-10.89	268.79	23.82	320.26
1957	1	2.12	-11.53	307.02	9.17	320.63
1957	2	4.02	-9.74	364.15	14.04	321.1
1957	3	10.67	-5.43	455.41	37.35	321.16
1957	4	15.52	-1.73	521.53	14.82	321.51
1957	5	21.29	4.22	446.33	17.28	321.18
1957	6	24.44	6.34	530.55	23.28	321.52
1957	7	28.39	11.24	505.52	62.71	321.49
1957	8	28.88	10.54	415.45	36.8	321.5
1957	9	25.9	7.91	458.95	22.1	321.54
1957	10	16.57	2.78	364.71	42.76	321.18
1957	11	12.23	-3.53	291.65	8.65	321.84
1957	12	3.98	-11.11	258.87	17.44	321.95
1958	1	5.84	-9.89	311.03	18.79	322.07
1958	2	5.34	-7.52	397.5	28.37	321.94
1958	3	13.88	-4.37	455.62	14.87	321.72
1958	4	15.83	-0.96	481.34	20.84	322.05
1958	5	22.62	2.75	502.43	3.04	322.27
1958	6	28.96	7.3	468.0	1.98	321.94
1958	7	30.76	11.66	464.35	37.11	321.66
1958	8	25.61	9.92	409.49	126.45	322.04
1958	9	24.37	5.93	421.05	28.6	322.19
1958	10	18.63	0.41	368.81	21.64	322.36
1958	11	13.0	-4.56	286.25	5.29	322.78
1958	12	6.71	-11.03	295.74	10.21	322.86
1959	1	4.79	-10.7	311.71	5.59	315.7
1959	2	8.98	-8.21	396.55	18.29	315.88
1959	3	15.18	-3.59	498.65	0.35	315.62
1959	4	18.12	-1.54	517.1	6.2	315.56
1959	5	20.21	2.2	520.02	27.73	315.5
1959	6	27.43	9.03	521.96	19.09	315.92
1959	7	26.09	10.72	459.48	115.02	315.66
1959	8	27.25	9.57	464.23	47.67	315.81
1959	9	22.9	6.94	436.56	80.29	316.55
1959	10	18.54	-0.35	347.0	8.68	316.19
1959	11	10.39	-3.41	302.08	66.08	316.78
1959	12	2.0	-10.8	290.84	28.12	316.52
1960	1	0.56	-14.28	321.0	25.58	316.51
1960	2	9.69	-6.02	391.43	12.03	316.47
1960	3	11.69	-6.37	477.0	10.69	316.49
1960	4	16.44	-1.05	479.96	41.46	316.86
1960	5	21.29	3.1	515.2	15.7	317.24
1960	6	30.52	9.97	538.19	11.23	317.36
1960	7	28.29	11.91	413.25	65.32	317.3
1960	8	28.28	10.69	447.39	43.76	316.92
1960	9	23.84	6.21	400.05	29.85	316.87
1960	10	14.8	0.14	384.8	78.66	316.76
1960	11	8.83	-5.75	280.41	30.18	316.98
1960	12	4.56	-10.07	257.84	17.39	317.13
1961	1	3.02	-10.32	309.78	38.91	317.03
1961	2	10.63	-5.7	397.02	14.15	317.28
1961	3	9.48	-5.19	404.1	64.17	317.47
1961	4	15.57	-2.43	516.41	11.71	317.27
1961	5	18.92	2.12	514.17	56.2	317.7
1961	6	22.61	6.13	476.3	21.87	317.48
1961	7	27.59	11.86	450.38	72.2	317.7
1961	8	24.99	9.83	427.78	98.04	317.8
1961	9	23.69	6.21	409.28	25.04	317.49
1961	10	19.62	0.23	377.64	5.3	318.35
1961	11	12.77	-5.72	272.72	11.07	318.13
1961	12	7.8	-7.03	274.71	17.79	317.94
1962	1	8.52	-7.09	324.79	11.52	318.06
1962	2	6.7	-10.04	383.06	14.63	318.11
1962	3	10.37	-6.19	464.09	30.81	318.57
1962	4	17.39	-0.99	526.79	3.1	318.45
1962	5	22.41	4.44	435.68	25.12	318.2
1962	6	27.82	9.86	526.28	26.62	318.27
1962	7	27.57	10.49	454.81	108.9	318.67
1962	8	25.58	9.94	440.96	91.29	318.48
1962	9	22.44	5.88	439.0	36.89	319.03
1962	10	18.58	0.11	353.97	17.55	318.33
1962	11	6.68	-7.79	301.8	61.2	318.62
1962	12	5.16	-7.51	282.16	36.24	318.61
1963	1	2.28	-11.51	297.83	51.84	318.91
1963	2	9.49	-6.76	337.54	25.42	318.68
1963	3	14.07	-2.93	450.16	13.64	318.69
1963	4	15.19	-1.57	495.86	39.91	319.09
1963	5	19.16	2.98	509.94	56.63	319.39
1963	6	23.3	7.73	524.72	96.04	319.16
1963	7	26.26	10.71	482.18	144.67	318.77
1963	8	23.52	8.87	385.22	136.06	318.83
1963	9	22.03	6.11	459.57	51.56	319.06
1963	10	19.96	1.95	357.57	30.05	319.0
1963	11	11.98	-5.39	305.32	3.64	319.1
1963	12	8.51	-6.98	275.68	31.1	319.25
1964	1	4.18	-9.76	308.34	12.75	319.67
1964	2	9.77	-6.46	381.42	4.14	319.61
1964	3	12.84	-4.56	440.54	3.56	319.55
1964	4	17.4	-0.25	474.25	19.36	319.48
1964	5	23.51	5.02	458.52	20.37	319.42
1964	6	29.39	9.09	513.49	2.47	319.69
1964	7	27.82	10.67	473.01	36.19	319.58
1964	8	28.75	11.56	424.74	63.41	319.81
1964	9	22.68	5.11	421.15	40.99	319.56
1964	10	19.04	1.58	338.65	19.64	319.78
1964	11	9.73	-5.91	282.72	17.23	319.72
1964	12	-1.46	-16.61	260.8	16.38	319.59
1965	1	3.35	-9.55	306.99	10.32	319.48
1965	2	5.42	-8.42	398.66	13.5	319.97
1965	3	8.4	-5.71	426.28	39.16	319.65
1965	4	13.72	-3.06	469.32	25.84	319.8
1965	5	21.16	3.89	495.01	23.86	319.36
1965	6	28.92	9.52	505.63	11.21	319.65
1965	7	27.85	11.3	507.57	56.06	320.51
1965	8	28.2	10.17	442.22	42.48	319.93
1965	9	24.0	8.0	416.87	48.4	320.68
1965	10	19.78	0.79	402.47	18.96	320.36
1965	11	9.26	-4.81	289.82	45.56	320.87
1965	12	5.79	-8.44	250.02	13.54	320.26
1966	1	4.87	-9.01	310.27	7.09	320.63
1966	2	9.74	-6.64	363.3	15.44	321.1
1966	3	12.02	-4.21	473.74	14.91	321.16
1966	4	18.25	-1.71	500.87	8.64	321.51
1966	5	21.41	3.76	539.41	69.18	321.18
1966	6	25.76	7.5	473.3	36.04	321.52
1966	7	25.94	9.97	450.98	85.8	321.49
1966	8	27.92	10.12	438.97	77.66	321.5
1966	9	25.3	5.17	417.69	3.67	321.54
1966	10	17.72	-1.33	354.47	65.59	321.18
1966	11	7.56	-8.12	304.54	12.29	321.84
1966	12	7.01	-8.86	274.17	8.33	321.95
1967	1	7.97	-9.14	302.97	7.04	322.07
1967	2	10.71	-6.6	372.86	16.9	321.94
1967	3	10.67	-6.57	535.84	16.11	321.72
1967	4	16.96	-0.14	475.34	30.98	322.05
1967	5	25.22	4.49	497.45	17.18	322.27
1967	6	29.67	9.24	509.44	2.96	321.94
1967	7	27.68	10.67	448.51	64.16	321.66
1967	8	25.63	9.05	422.8	86.47	322.04
1967	9	24.75	7.04	405.91	32.36	322.19
1967	10	19.83	1.37	366.77	16.99	322.36
1967	11	12.87	-6.33	289.36	16.61	322.78
1967	12	8.16	-9.52	273.71	5.94	322.86
1968	1	4.59	-10.98	306.67	10.39	322.55
1968	2	9.99	-7.75	352.5	24.91	322.56
1968	3	10.84	-6.77	426.51	7.51	322.59
1968	4	14.78	-2.48	492.57	7.66	322.73
1968	5	21.7	2.59	549.84	52.07	322.87
1968	6	25.29	7.68	526.02	58.15	323.2
1968	7	26.85	10.57	408.21	67.28	323.25
1968	8	25.22	10.16	447.75	108.36	323.15
1968	9	23.94	6.89	438.64	29.85	323.31
1968	10	15.99	-3.19	313.32	11.87	323.32
1968	11	11.54	-7.97	300.89	4.14	323.32
1968	12	1.53	-12.84	276.73	24.2	323.69
1969	1	3.48	-11.42	289.78	14.22	323.98
1969	2	4.92	-8.09	376.07	23.25	323.89
1969	3	9.56	-5.32	417.78	41.33	324.41
1969	4	15.8	-1.6	465.29	18.21	324.35
1969	5	21.45	3.8	489.48	12.38	324.57
1969	6	26.01	7.29	497.01	27.29	324.63
1969	7	27.56	10.43	437.24	60.97	325.08
1969	8	25.73	9.03	434.29	66.29	324.8
1969	9	25.38	7.68	423.72	16.48	325.28
1969	10	18.09	-0.93	378.0	13.55	324.84
1969	11	9.35	-6.57	309.7	19.18	324.78
1969	12	6.1	-10.48	262.95	6.31	324.88
1970	1	6.46	-11.55	316.75	6.14	325.04
1970	2	9.0	-6.12	380.51	54.51	325.42
1970	3	9.17	-6.34	411.74	19.15	325.69
1970	4	17.48	-0.55	498.57	39.74	325.86
1970	5	20.9	3.59	540.82	21.62	325.27
1970	6	26.8	8.22	487.39	50.68	325.52
1970	7	28.07	10.82	474.79	62.11	325.51
1970	8	27.56	10.07	453.41	66.82	325.76
1970	9	22.95	7.19	446.01	79.87	325.93
1970	10	17.25	0.15	304.61	27.46	326.15
1970	11	11.39	-6.19	314.46	4.71	325.96
1970	12	7.02	-8.72	285.98	14.36	326.06
1971	1	8.56	-8.1	304.94	22.34	326.25
1971	2	7.0	-9.46	389.69	7.73	326.1
1971	3	14.73	-3.61	480.3	3.06	325.94
1971	4	18.88	-1.65	506.65	18.24	325.47
1971	5	24.3	5.19	509.18	12.02	326.11
1971	6	25.63	7.32	519.31	28.5	326.4
1971	7	29.99	11.22	454.45	22.9	326.45
1971	8	27.31	10.01	432.17	98.96	326.49
1971	9	22.75	5.15	452.57	32.34	326.19
1971	10	16.12	0.32	367.82	70.36	326.58
1971	11	9.76	-4.09	275.3	25.69	326.82
1971	12	6.5	-8.78	297.34	17.1	327.02
1972	1	6.11	-7.62	310.68	37.25	326.85
1972	2	10.08	-5.59	413.5	23.88	327.04
1972	3	10.75	-3.86	496.4	56.41	326.53
1972	4	14.45	-1.73	489.9	21.41	327.42
1972	5	21.07	3.03	538.32	13.35	327.23
1972	6	28.79	8.47	516.96	17.89	326.92
1972	7	29.11	11.83	454.05	120.03	327.2
1972	8	29.15	10.6	488.56	25.68	327.37
1972	9	26.29	6.05	373.19	8.11	327.76
1972	10	16.54	-0.68	349.33	48.92	328.06
1972	11	8.49	-4.22	293.99	57.43	328.5
1972	12	7.57	-6.84	264.03	14.55	328.56
1973	1	4.3	-9.08	316.18	26.01	328.58
1973	2	8.4	-7.17	295.52	10.91	328.86
1973	3	11.78	-3.88	445.38	43.28	328.99
1973	4	17.77	-0.35	498.67	2.88	329.14
1973	5	23.41	3.52	515.81	11.39	329.62
1973	6	28.87	8.28	517.77	9.26	329.94
1973	7	26.77	11.96	508.83	127.31	330.05
1973	8	24.36	9.23	435.83	82.75	330.42
1973	9	21.48	7.22	442.48	59.22	330.45
1973	10	17.4	1.79	350.75	73.29	330.24
1973	11	10.45	-5.48	276.01	14.85	330.16
1973	12	5.81	-7.36	280.88	29.77	329.66
1974	1	6.9	-7.24	298.89	19.77	329.45
1974	2	9.17	-6.09	370.31	17.87	330.12
1974	3	8.88	-5.83	466.06	34.38	330.2
1974	4	17.54	-0.94	422.32	8.51	330.26
1974	5	22.96	2.94	525.55	13.59	330.28
1974	6	29.1	7.59	498.91	4.52	329.94
1974	7	28.18	11.44	483.98	55.63	330.23
1974	8	26.63	10.29	457.32	126.77	330.26
1974	9	24.88	6.89	413.63	24.99	330.28
1974	10	21.04	0.36	330.63	4.1	330.36
1974	11	9.25	-7.17	267.05	15.2	330.28
1974	12	8.05	-9.06	295.12	9.48	330.55
1975	1	5.29	-10.41	260.59	8.65	330.89
1975	2	10.97	-7.0	318.5	6.36	330.93
1975	3	16.94	-3.34	434.52	5.36	330.54
1975	4	18.29	-0.81	478.89	3.32	330.67
1975	5	20.5	2.03	503.33	13.33	330.98
1975	6	25.26	7.02	515.16	31.09	331.2
1975	7	26.18	11.25	495.91	92.64	331.12
1975	8	28.26	9.0	453.02	23.18	331.11
1975	9	22.88	5.24	424.9	29.11	331.48
1975	10	17.16	2.0	333.65	84.64	331.46
1975	11	11.73	-4.87	304.91	11.79	331.41
1975	12	9.38	-8.5	284.26	9.15	331.6
1976	1	2.78	-11.35	326.19	28.67	331.79
1976	2	4.74	-9.59	414.16	30.08	332.2
1976	3	10.1	-4.99	439.33	32.8	332.05
1976	4	13.5	-1.71	515.93	34.67	332.13
1976	5	17.94	2.0	517.66	41.88	331.84
1976	6	25.01	6.33	504.49	9.39	331.65
1976	7	30.99	11.71	406.52	17.66	332.14
1976	8	27.69	10.82	395.94	77.57	331.88
1976	9	23.92	5.88	436.75	17.65	331.94
1976	10	21.12	2.04	348.33	12.8	331.92
1976	11	8.5	-6.49	301.17	37.67	332.29
1976	12	6.22	-7.78	263.16	16.9	332.66
1977	1	5.61	-9.92	302.77	9.96	332.76
1977	2	8.35	-7.08	396.68	26.1	332.51
1977	3	11.4	-3.99	466.29	60.61	333.35
1977	4	16.84	0.89	471.56	39.9	333.51
1977	5	24.01	5.46	502.28	8.25	333.98
1977	6	27.57	8.28	512.4	24.29	333.8
1977	7	30.01	11.25	447.33	20.28	334.02
1977	8	29.66	10.96	455.57	29.57	333.91
1977	9	23.51	7.07	401.62	51.58	334.36
1977	10	16.09	0.22	374.91	56.65	334.52
1977	11	10.38	-4.18	296.3	54.96	334.64
1977	12	3.26	-11.65	256.66	21.28	334.61
1978	1	6.7	-7.62	318.2	23.61	335.01
1978	2	4.77	-7.94	386.27	19.59	334.58
1978	3	8.31	-6.76	523.48	40.96	335.0
1978	4	12.62	-2.18	536.99	37.33	335.06
1978	5	19.35	2.45	482.29	37.02	335.06
1978	6	27.72	7.85	543.23	12.85	335.59
1978	7	29.82	12.12	420.26	67.45	335.57
1978	8	28.62	10.87	430.45	45.8	335.87
1978	9	23.27	6.63	440.2	31.37	335.51
1978	10	15.57	0.02	350.24	53.46	335.68
1978	11	10.0	-5.02	283.32	28.12	335.99
1978	12	3.52	-8.96	249.1	26.36	335.88
1979	1	5.56	-6.62	322.11	21.63	336.22
1979	2	3.67	-8.72	411.34	23.89	336.01
1979	3	11.79	-4.47	427.38	24.53	336.54
1979	4	16.36	-0.82	509.16	33.95	336.24
1979	5	20.35	2.86	490.31	41.97	336.21
1979	6	27.01	7.8	474.76	12.64	336.84
1979	7	28.47	9.88	474.89	34.2	336.72
1979	8	28.07	10.44	469.86	54.81	337.24
1979	9	22.5	7.24	406.13	44.06	337.2
1979	10	15.83	0.73	340.44	96.26	337.53
1979	11	10.23	-5.0	305.78	11.73	337.57
1979	12	7.46	-9.24	270.1	4.32	337.79
1980	1	6.37	-7.94	272.52	22.26	338.09
1980	2	9.03	-7.08	347.68	15.12	337.82
1980	3	11.09	-4.91	413.07	34.85	338.43
1980	4	17.96	-1.29	484.54	11.78	338.3
1980	5	21.95	3.12	492.67	15.21	338.43
1980	6	28.22	9.99	531.09	71.44	338.84
1980	7	27.36	11.04	507.53	86.89	338.54
1980	8	26.51	10.45	469.75	92.54	339.12
1980	9	25.08	6.98	422.23	23.06	339.33
1980	10	16.58	0.2	366.86	44.01	339.42
1980	11	7.69	-6.6	293.9	19.9	339.42
1980	12	7.57	-9.02	285.51	11.74	339.26
1981	1	3.73	-11.15	300.73	18.78	339.38
1981	2	3.81	-11.57	375.97	36.83	339.93
1981	3	12.6	-4.65	393.39	28.72	340.06
1981	4	18.95	0.46	503.16	9.81	339.94
1981	5	22.4	4.61	490.84	79.42	339.98
1981	6	28.93	9.03	530.18	4.03	340.07
1981	7	28.92	11.25	467.5	50.49	339.92
1981	8	24.64	10.38	430.15	125.27	339.86
1981	9	21.4	6.13	412.95	64.81	340.17
1981	10	17.79	1.14	350.97	16.32	340.43
1981	11	9.16	-4.7	300.16	26.55	340.74
1981	12	6.11	-7.85	258.8	21.32	340.79
1982	1	5.04	-8.3	303.3	22.93	341.1
1982	2	7.61	-6.1	389.0	12.58	341.1
1982	3	11.36	-4.29	448.09	15.35	341.21
1982	4	15.67	-1.01	498.4	59.13	341.37
1982	5	18.97	1.71	508.91	25.56	341.56
1982	6	28.26	9.55	536.64	16.27	341.35
1982	7	29.22	10.91	479.3	79.0	341.55
1982	8	25.8	9.79	453.33	55.48	341.51
1982	9	20.71	4.89	391.56	99.93	341.47
1982	10	17.0	-0.94	375.37	25.79	341.65
1982	11	9.27	-5.01	263.83	35.52	341.73
1982	12	4.96	-7.69	271.13	66.55	341.79
1983	1	6.26	-7.33	301.66	5.62	341.84
1983	2	12.07	-4.96	391.01	17.74	342.32
1983	3	13.78	-2.84	415.33	44.6	341.82
1983	4	14.95	-1.09	545.26	46.53	342.66
1983	5	19.73	3.79	520.6	50.23	342.87
1983	6	25.91	7.9	509.09	13.56	343.15
1983	7	28.57	11.82	485.28	64.02	343.44
1983	8	28.27	10.55	452.2	46.11	343.66
1983	9	23.88	5.89	423.38	31.98	343.49
1983	10	16.1	-0.35	355.79	49.02	343.72
1983	11	12.04	-3.31	286.74	14.08	343.71
1983	12	3.74	-11.1	266.26	9.41	343.96
1984	1	3.06	-11.15	322.77	16.82	344.2
1984	2	7.3	-7.0	401.08	20.41	344.22
1984	3	11.96	-4.17	457.07	5.91	344.09
1984	4	17.26	-1.3	511.45	9.87	344.27
1984	5	20.3	3.69	528.52	44.02	344.45
1984	6	27.35	7.72	476.73	11.7	344.51
1984	7	30.15	11.72	482.74	42.6	344.76
1984	8	26.95	10.48	419.73	79.67	344.94
1984	9	22.33	7.64	423.25	39.15	344.58
1984	10	19.35	0.6	325.63	2.72	345.01
1984	11	12.88	-5.21	291.34	20.39	345.2
1984	12	4.83	-12.14	253.5	13.48	345.57
1985	1	8.24	-7.98	309.19	24.52	345.31
1985	2	7.77	-8.19	393.89	13.72	345.61
1985	3	14.38	-5.12	408.88	5.61	346.37
1985	4	20.19	0.67	480.93	8.96	345.79
1985	5	24.05	2.81	481.68	8.93	345.91
1985	6	28.03	9.79	494.57	32.49	345.94
1985	7	29.08	11.6	461.43	73.96	345.89
1985	8	27.84	10.26	479.67	64.2	346.34
1985	9	23.03	7.37	397.22	36.09	346.4
1985	10	19.02	1.8	341.01	14.83	346.42
1985	11	11.07	-3.59	285.76	32.44	346.61
1985	12	6.01	-8.29	301.6	16.65	346.81
1986	1	4.68	-10.97	320.14	40.62	346.59
1986	2	4.75	-9.5	344.83	5.75	346.74
1986	3	11.66	-4.96	450.61	0.26	346.68
1986	4	15.52	-1.84	456.13	36.52	347.22
1986	5	23.25	5.07	489.99	15.45	347.26
1986	6	29.61	9.01	463.45	12.77	347.52
1986	7	31.15	12.8	469.31	9.68	347.33
1986	8	28.27	11.17	449.77	69.84	347.4
1986	9	24.59	8.15	398.36	77.22	348.35
1986	10	15.95	0.92	351.78	51.48	347.77
1986	11	7.46	-5.71	272.39	31.05	348.04
1986	12	2.15	-12.96	268.79	12.72	348.13
1987	1	0.53	-15.0	307.02	11.5	348.47
1987	2	4.93	-8.26	364.15	25.9	348.02
1987	3	10.55	-4.97	455.41	32.09	348.3
1987	4	12.42	-2.66	521.53	51.34	348.77
1987	5	20.57	3.86	446.33	22.25	349.01
1987	6	26.78	7.53	530.55	9.61	349.2
1987	7	28.74	12.55	505.52	106.79	349.39
1987	8	27.12	10.74	415.45	61.12	349.5
1987	9	23.43	7.03	458.95	30.72	349.7
1987	10	17.79	3.49	364.71	105.76	349.86
1987	11	8.38	-5.32	291.65	45.76	350.07
1987	12	4.43	-9.03	258.87	22.05	350.05
1988	1	8.46	-7.03	311.03	3.6	350.38
1988	2	8.44	-5.88	397.5	33.68	350.94
1988	3	7.92	-5.19	455.62	65.05	350.87
1988	4	14.69	-1.51	481.34	32.43	351.01
1988	5	16.55	1.1	502.43	26.4	351.06
1988	6	25.18	8.02	468.0	63.56	351.37
1988	7	26.85	9.43	464.35	50.11	352.02
1988	8	26.17	10.59	409.49	85.37	351.9
1988	9	24.44	5.83	421.05	2.44	352.13
1988	10	15.7	0.79	368.81	68.21	352.41
1988	11	8.56	-6.85	286.25	6.28	352.34
1988	12	7.0	-7.79	295.74	13.79	352.35
1989	1	5.04	-11.36	311.71	32.76	352.85
1989	2	8.04	-6.47	396.55	19.6	352.54
1989	3	9.91	-5.33	498.65	40.05	352.47
1989	4	17.48	-2.13	517.1	0.34	352.97
1989	5	22.59	4.24	520.02	54.23	352.67
1989	6	25.98	8.93	521.96	53.8	352.97
1989	7	28.27	10.93	459.48	68.78	353.3
1989	8	26.79	10.69	464.23	100.08	353.37
1989	9	23.88	5.55	436.56	22.42	353.32
1989	10	20.45	2.82	347.0	26.46	353.52
1989	11	12.79	-7.55	302.08	5.75	353.65
1989	12	8.95	-7.93	290.84	9.49	353.81
1990	1	2.62	-12.82	321.0	17.55	353.75
1990	2	7.06	-8.63	391.43	9.38	354.33
1990	3	14.28	-3.92	477.0	6.01	354.24
1990	4	19.14	-2.49	479.96	1.27	353.68
1990	5	22.4	4.69	515.2	24.81	354.16
1990	6	30.69	8.97	538.19	10.52	353.97
1990	7	30.26	12.22	413.25	69.69	354.19
1990	8	26.7	9.81	447.39	79.75	354.61
1990	9	25.01	8.06	400.05	22.77	354.61
1990	10	20.51	0.57	384.8	38.92	354.89
1990	11	10.04	-5.19	280.41	17.85	355.13
1990	12	6.18	-8.71	257.84	13.92	355.19
1991	1	5.4	-9.4	309.78	15.28	354.82
1991	2	9.21	-6.8	397.02	16.15	355.02
1991	3	14.69	-3.57	404.1	4.54	355.67
1991	4	18.61	-2.6	516.41	3.39	356.02
1991	5	23.57	4.91	514.17	41.49	356.0
1991	6	26.4	7.51	476.3	17.34	355.8
1991	7	29.84	12.23	450.38	39.78	355.59
1991	8	27.74	10.37	427.78	73.46	355.46
1991	9	25.56	5.83	409.28	13.87	355.56
1991	10	20.21	0.24	377.64	13.2	355.62
1991	11	8.96	-6.61	272.72	43.09	355.8
1991	12	5.53	-11.04	274.71	11.91	355.93
1992	1	1.86	-12.37	324.79	8.25	356.2
1992	2	6.84	-8.59	383.06	11.13	356.38
1992	3	16.0	-2.86	464.09	2.82	356.27
1992	4	18.2	0.26	526.79	30.15	356.39
1992	5	23.82	2.92	435.68	17.12	356.41
1992	6	28.65	8.36	526.28	7.05	356.97
1992	7	29.54	11.18	454.81	47.56	356.44
1992	8	28.98	11.62	440.96	72.02	356.62
1992	9	25.89	8.42	439.0	15.34	356.29
1992	10	17.76	-0.39	353.97	38.41	356.63
1992	11	8.68	-6.61	301.8	41.52	356.38
1992	12	4.89	-10.24	282.16	16.26	356.39
1993	1	7.77	-7.88	297.83	6.52	356.96
1993	2	8.51	-6.98	337.54	8.56	356.44
1993	3	14.29	-4.82	450.16	0.7	356.76
1993	4	17.83	-0.79	495.86	9.99	356.59
1993	5	21.16	3.11	509.94	21.38	357.03
1993	6	27.71	8.76	524.72	16.44	357.12
1993	7	28.53	10.63	482.18	58.71	356.76
1993	8	26.56	10.1	385.22	94.54	357.32
1993	9	23.75	6.25	459.57	30.68	357.39
1993	10	19.78	1.2	357.57	14.17	357.49
1993	11	10.83	-8.52	305.32	2.97	357.54
1993	12	4.55	-9.4	275.68	22.65	357.8
1994	1	5.31	-9.07	308.34	7.99	358.13
1994	2	7.39	-8.59	381.42	13.38	358.09
1994	3	11.6	-4.92	440.54	10.74	358.29
1994	4	16.39	-1.83	474.25	28.04	358.46
1994	5	23.33	4.96	458.52	35.22	358.46
1994	6	25.08	7.81	513.49	88.94	358.44
1994	7	30.4	12.59	473.01	49.77	358.79
1994	8	27.36	9.81	424.74	62.39	359.16
1994	9	27.31	8.02	421.15	29.37	359.17
1994	10	19.38	2.12	338.65	47.98	359.49
1994	11	11.65	-6.61	282.72	3.41	359.68
1994	12	5.26	-11.35	260.8	23.66	359.83
1995	1	2.34	-13.7	306.99	9.99	359.79
1995	2	7.2	-8.57	398.66	14.72	360.05
1995	3	13.15	-4.73	426.28	21.94	360.22
1995	4	16.5	-0.93	469.32	30.97	360.62
1995	5	25.75	4.42	495.01	4.26	360.58
1995	6	26.91	8.46	505.63	35.13	360.84
1995	7	27.49	11.27	507.57	55.59	360.97
1995	8	26.62	10.49	442.22	76.0	360.73
1995	9	25.42	7.04	416.87	49.69	361.55
1995	10	18.88	0.15	402.47	10.73	361.37
1995	11	15.43	-5.03	289.82	4.65	361.59
1995	12	3.29	-9.92	250.02	43.77	361.53
1996	1	4.24	-11.02	310.27	14.02	361.85
1996	2	9.15	-6.15	363.3	20.12	362.35
1996	3	10.76	-5.55	473.74	20.39	362.53
1996	4	20.11	1.16	500.87	7.16	361.86
1996	5	22.44	4.48	539.41	20.32	362.1
1996	6	27.01	9.8	473.3	32.07	362.69
1996	7	26.61	10.73	450.98	76.04	362.85
1996	8	26.05	10.16	438.97	84.36	362.98
1996	9	24.86	7.04	417.69	52.37	362.99
1996	10	19.06	1.45	354.47	22.55	362.97
1996	11	11.59	-3.56	304.54	26.59	363.03
1996	12	5.85	-8.6	274.17	11.91	363.08
1997	1	7.53	-8.29	302.97	5.54	362.88
1997	2	8.78	-8.08	372.86	10.09	363.22
1997	3	14.08	-4.07	535.84	1.09	362.88
1997	4	17.97	0.14	475.34	35.1	363.68
1997	5	21.68	3.15	497.45	42.63	363.74
1997	6	25.02	8.57	509.44	31.25	363.41
1997	7	28.07	11.07	448.51	68.35	363.6
1997	8	27.51	10.46	422.8	91.45	363.84
1997	9	23.14	7.77	405.91	31.83	363.68
1997	10	20.55	2.97	366.77	35.67	364.12
1997	11	11.85	-4.67	289.36	13.32	364.56
1997	12	4.43	-9.4	273.71	20.04	365.15
1998	1	7.33	-7.78	306.67	7.27	365.07
1998	2	10.9	-5.23	352.5	22.5	365.17
1998	3	9.07	-6.19	426.51	22.23	365.6
1998	4	15.32	-2.24	492.57	13.68	366.03
1998	5	22.26	5.26	549.84	51.39	366.55
1998	6	24.65	7.75	526.02	38.45	366.8
1998	7	29.43	11.82	408.21	31.87	367.14
1998	8	28.55	11.44	447.75	55.06	367.55
1998	9	24.73	8.45	438.64	50.43	367.37
1998	10	18.93	0.43	313.32	58.26	367.67
1998	11	11.8	-4.08	300.89	31.43	367.56
1998	12	4.77	-9.61	276.73	18.1	367.88
1999	1	6.65	-8.23	289.78	26.49	367.96
1999	2	6.76	-6.77	376.07	28.12	368.26
1999	3	11.04	-5.1	417.78	9.45	368.08
1999	4	16.74	0.94	465.29	58.51	368.45
1999	5	19.88	2.94	489.48	17.18	368.15
1999	6	27.63	10.28	497.01	42.23	368.13
1999	7	30.35	12.29	437.24	42.78	368.77
1999	8	26.76	12.23	434.29	103.68	368.48
1999	9	22.16	7.79	423.72	79.69	368.13
1999	10	17.28	2.29	378.0	37.66	368.64
1999	11	10.91	-2.47	309.7	80.34	368.71
1999	12	5.96	-7.23	262.95	14.22	368.77
2000	1	7.26	-7.11	316.75	8.85	369.08
2000	2	5.23	-6.69	380.51	39.96	368.83
2000	3	9.42	-4.32	411.74	88.99	369.09
2000	4	14.72	-0.74	498.57	34.11	369.28
2000	5	20.1	4.53	540.82	29.85	368.71
2000	6	28.08	8.66	487.39	12.52	369.5
2000	7	28.63	12.71	474.79	114.67	369.2
2000	8	24.94	10.76	453.41	103.75	369.72
2000	9	24.66	8.28	446.01	31.25	370.3
2000	10	16.95	1.18	304.61	26.62	370.26
2000	11	10.79	-5.83	314.46	14.0	370.32
2000	12	6.36	-8.89	285.98	13.3	370.3
2001	1	6.37	-7.29	304.94	36.47	370.43
2001	2	4.76	-8.25	389.69	29.2	370.78
2001	3	11.59	-4.15	480.3	20.86	370.87
2001	4	14.39	-1.87	506.65	15.45	370.81
2001	5	21.46	4.35	509.18	37.82	370.94
2001	6	28.98	9.33	519.31	38.84	370.99
2001	7	29.96	12.51	454.45	61.59	370.9
2001	8	29.79	11.85	432.17	54.05	371.22
2001	9	25.75	7.31	452.57	6.43	371.44
2001	10	18.4	0.01	367.82	43.25	371.69
2001	11	9.66	-5.41	275.3	18.36	371.74
2001	12	6.21	-9.81	297.34	7.83	371.92
2002	1	7.63	-9.76	310.68	6.51	372.3
2002	2	10.72	-5.72	413.5	17.16	372.33
2002	3	12.32	-4.63	496.4	12.21	372.44
2002	4	20.97	0.77	489.9	6.54	372.37
2002	5	23.48	4.3	538.32	26.12	372.81
2002	6	26.31	9.42	516.96	67.67	373.3
2002	7	28.95	11.91	454.05	56.83	373.42
2002	8	26.01	10.59	488.56	115.48	373.52
2002	9	22.79	6.69	373.19	38.82	374.11
2002	10	17.49	1.32	349.33	32.43	373.88
2002	11	13.64	-3.78	293.99	2.14	374.34
2002	12	7.58	-8.14	264.03	20.29	374.54
2003	1	6.55	-8.75	316.18	14.27	374.63
2003	2	10.41	-7.08	295.52	1.31	374.77
2003	3	16.07	-3.57	445.38	4.68	374.8
2003	4	19.85	0.07	498.67	5.56	375.06
2003	5	28.33	5.47	515.81	1.55	375.55
2003	6	28.68	9.54	517.77	11.94	376.03
2003	7	31.28	13.19	508.83	42.81	376.19
2003	8	27.8	11.01	435.83	82.54	376.08
2003	9	22.29	6.22	442.48	72.19	376.48
2003	10	18.07	1.5	350.75	72.23	376.47
2003	11	12.54	-4.68	276.01	30.39	376.81
2003	12	4.86	-8.57	280.88	21.54	376.75
2004	1	5.34	-9.31	298.89	23.96	376.78
2004	2	4.48	-7.96	370.31	57.12	377.02
2004	3	9.2	-4.55	466.06	70.39	377.23
2004	4	16.83	0.65	422.32	25.1	377.62
2004	5	20.05	4.78	525.55	52.13	377.48
2004	6	27.56	9.72	498.91	33.68	377.39
2004	7	28.91	12.47	483.98	54.31	376.94
2004	8	27.5	12.63	457.32	147.22	377.74
2004	9	20.85	4.26	413.63	33.61	377.62
2004	10	17.48	1.04	330.63	50.58	377.82
2004	11	8.27	-5.01	267.05	42.63	378.31
2004	12	5.93	-8.03	295.12	20.29	378.31
2005-2050	1	5.99	-7.91	260.59	9.23	378.21
2005-2050	2	6.31	-7.2	318.5	24.72	378.93
2005-2050	3	12.02	-4.69	434.52	3.87	379.27
2005-2050	4	18.04	-1.36	478.89	1.26	379.65
2005-2050	5	24.12	4.5	503.33	14.77	379.31
2005-2050	6	29.06	7.14	515.16	4.02	379.88
2005-2050	7	30.23	11.43	495.91	52.16	380.18
2005-2050	8	29.14	10.65	453.02	20.78	380.42
2005-2050	9	28.29	7.98	424.9	10.39	380.01
2005-2050	10	21.42	-0.38	333.65	1.01	380.31
2005-2050	11	16.08	-3.05	304.91	4.99	380.5
2005-2050	12	7.14	-8.05	284.26	25.72	380.9
