Year	Month	TMax	TMin	PAR	PREC	CO2
1600-1950	1	3.35	-9.51	285.2	34.92	315.7
1600-1950	2	6.42	-8.37	352.66	24.51	315.88
1600-1950	3	11.21	-5.83	417.98	6.45	315.62
1600-1950	4	17.03	-0.76	515.54	24.61	315.56
1600-1950	5	19.59	3.04	504.78	26.73	315.5
1600-1950	6	25.54	8.38	540.17	31.37	315.92
1600-1950	7	28.53	11.39	523.57	96.32	315.66
1600-1950	8	25.73	9.9	460.88	86.12	315.81
1600-1950	9	24.85	8.23	417.7	36.81	316.55
1600-1950	10	18.11	1.28	376.94	14.07	316.19
1600-1950	11	12.95	-3.52	301.59	3.74	316.78
1600-1950	12	8.4	-10.54	316.91	7.66	316.52
1951	1	1.88	-12.85	316.79	49.82	316.51
1951	2	8.3	-6.31	391.18	11.36	316.47
1951	3	7.57	-6.35	401.14	56.67	316.49
1951	4	12.2	-3.86	511.68	41.56	316.86
1951	5	19.38	2.52	479.45	28.69	317.24
1951	6	27.39	9.21	528.75	11.74	317.36
1951	7	27.82	11.85	457.2	115.68	317.3
1951	8	27.71	11.14	426.02	78.42	316.92
1951	9	24.27	7.98	417.46	17.37	316.87
1951	10	17.63	1.95	361.29	54.46	316.76
1951	11	10.71	-2.92	306.66	57.84	316.98
1951	12	5.1	-9.58	267.07	17.81	317.13
1952	1	2.89	-11.1	314.53	18.26	317.03
1952	2	4.46	-8.67	402.36	31.4	317.28
1952	3	10.1	-5.37	455.41	30.97	317.47
1952	4	18.65	-0.33	515.34	2.51	317.27
1952	5	25.56	4.94	516.06	5.26	317.7
1952	6	31.22	9.72	541.34	1.1	317.48
1952	7	30.27	12.18	481.06	56.13	317.7
1952	8	27.81	10.25	458.24	54.34	317.8
1952	9	24.88	7.36	402.52	20.43	317.49
1952	10	19.2	1.33	386.66	21.0	318.35
1952	11	10.64	-3.07	276.71	29.88	318.13
1952	12	7.04	-6.68	288.48	20.1	317.94
1953	1	3.31	-10.72	314.7	19.09	318.06
1953	2	5.37	-8.05	403.64	29.8	318.11
1953	3	12.7	-2.98	444.57	24.52	318.57
1953	4	14.43	-1.39	582.07	34.97	318.45
1953	5	19.5	3.38	528.62	24.24	318.2
1953	6	24.52	7.31	520.59	32.12	318.27
1953	7	27.31	10.06	487.62	86.76	318.67
1953	8	25.22	9.36	459.61	100.32	318.48
1953	9	25.75	7.8	420.92	12.0	319.03
1953	10	21.35	2.95	359.89	18.58	318.33
1953	11	10.9	-5.21	298.0	22.73	318.62
1953	12	7.22	-8.24	279.23	9.9	318.61
1954	1	6.14	-7.6	333.35	30.64	318.91
1954	2	8.96	-6.56	405.4	5.53	318.68
1954	3	12.18	-3.88	462.9	35.58	318.69
1954	4	12.82	-1.78	542.32	48.4	319.09
1954	5	20.45	3.86	529.92	26.25	319.39
1954	6	25.33	8.38	463.58	42.5	319.16
1954	7	30.94	12.72	482.4	20.44	318.77
1954	8	26.71	10.62	430.45	88.51	318.83
1954	9	25.07	7.34	431.37	14.03	319.06
1954	10	19.01	0.83	348.07	12.3	319.0
1954	11	11.69	-5.39	311.1	17.25	319.1
1954	12	4.13	-10.79	264.91	18.35	319.25
1955	1	1.41	-12.15	319.27	49.13	319.67
1955	2	7.04	-7.91	413.21	5.83	319.61
1955	3	7.55	-5.61	425.05	99.07	319.55
1955	4	12.58	-3.65	496.04	30.08	319.48
1955	5	20.86	3.72	489.59	13.25	319.42
1955	6	29.44	9.49	494.25	4.24	319.69
1955	7	30.41	13.39	466.87	35.87	319.58
1955	8	28.45	11.54	481.25	73.24	319.81
1955	9	23.16	7.19	403.41	50.29	319.56
1955	10	19.55	0.86	352.42	4.55	319.78
1955	11	10.81	-6.0	300.81	15.14	319.72
1955	12	4.46	-9.69	316.04	20.86	319.59
1956	1	5.62	-9.43	337.43	5.82	319.48
1956	2	7.59	-6.54	371.0	40.65	319.97
1956	3	7.94	-5.7	483.94	79.09	319.65
1956	4	15.61	-1.38	460.37	36.5	319.8
1956	5	23.4	3.15	486.0	0.53	319.36
1956	6	29.24	9.34	466.85	11.14	319.65
1956	7	31.0	12.47	483.08	34.85	320.51
1956	8	27.27	10.24	462.77	95.11	319.93
1956	9	22.13	5.82	395.93	53.67	320.68
1956	10	18.67	1.0	367.1	14.33	320.36
1956	11	8.05	-4.38	289.01	84.71	320.87
1956	12	1.86	-10.54	288.06	25.24	320.26
1957	1	2.08	-10.95	320.3	10.97	320.63
1957	2	3.93	-9.36	377.0	10.18	321.1
1957	3	10.3	-5.43	464.33	41.57	321.16
1957	4	15.2	-1.88	523.44	11.52	321.51
1957	5	21.33	4.34	446.51	21.97	321.18
1957	6	24.27	6.58	528.44	25.18	321.52
1957	7	27.98	11.51	502.52	89.69	321.49
1957	8	28.5	10.73	424.08	52.02	321.5
1957	9	25.66	8.06	463.35	23.97	321.54
1957	10	16.21	3.01	374.88	44.71	321.18
1957	11	12.12	-2.88	297.86	8.85	321.84
1957	12	3.94	-10.84	272.73	20.25	321.95
1958	1	5.64	-9.14	322.2	23.81	322.07
1958	2	4.77	-7.43	411.51	32.08	321.94
1958	3	13.43	-4.0	493.21	15.29	321.72
1958	4	15.49	-0.64	493.15	23.23	322.05
1958	5	22.41	2.96	509.12	1.35	322.27
1958	6	28.77	7.82	458.98	2.18	321.94
1958	7	30.73	11.66	466.46	45.38	321.66
1958	8	25.22	9.92	410.92	118.4	322.04
1958	9	24.32	6.21	426.9	27.28	322.19
1958	10	18.41	1.04	382.19	27.13	322.36
1958	11	12.8	-3.79	293.63	6.83	322.78
1958	12	6.59	-10.36	310.52	10.01	322.86
1959	1	4.72	-10.18	326.99	5.9	315.7
1959	2	9.02	-7.84	414.95	18.51	315.88
1959	3	14.87	-2.96	519.6	0.12	315.62
1959	4	17.72	-1.24	560.18	5.73	315.56
1959	5	19.82	2.52	532.2	22.42	315.5
1959	6	26.85	9.51	535.18	24.32	315.92
1959	7	25.84	10.79	465.26	122.42	315.66
1959	8	26.68	9.77	471.42	63.31	315.81
1959	9	22.7	7.4	445.94	74.01	316.55
1959	10	18.25	0.22	357.33	11.16	316.19
1959	11	10.08	-3.23	304.47	64.29	316.78
1959	12	1.71	-10.56	309.23	26.76	316.52
1960	1	0.14	-14.31	332.22	30.06	316.51
1960	2	9.18	-5.54	407.96	16.16	316.47
1960	3	11.17	-6.09	501.63	8.01	316.49
1960	4	15.9	-0.62	507.17	53.17	316.86
1960	5	20.82	3.52	516.6	18.76	317.24
1960	6	30.24	10.57	542.26	14.32	317.36
1960	7	27.97	12.11	415.34	62.39	317.3
1960	8	27.84	10.88	454.49	58.02	316.92
1960	9	23.27	6.57	406.71	33.99	316.87
1960	10	14.73	0.45	396.72	87.4	316.76
1960	11	8.5	-5.6	299.08	39.24	316.98
1960	12	4.25	-9.7	284.94	16.12	317.13
1961	1	2.97	-9.8	331.9	45.39	317.03
1961	2	10.18	-5.14	420.62	15.67	317.28
1961	3	9.05	-5.19	461.0	65.44	317.47
1961	4	15.06	-2.16	532.86	12.7	317.27
1961	5	18.36	2.26	517.35	51.13	317.7
1961	6	22.07	6.26	481.34	25.31	317.48
1961	7	27.49	12.09	433.59	90.01	317.7
1961	8	24.79	9.97	434.58	114.55	317.8
1961	9	23.62	6.62	417.35	29.39	317.49
1961	10	19.38	0.86	383.18	3.42	318.35
1961	11	12.64	-5.12	290.22	12.13	318.13
1961	12	7.65	-6.31	287.85	19.86	317.94
1962	1	8.61	-6.6	342.85	14.74	318.06
1962	2	6.22	-9.91	410.87	18.02	318.11
1962	3	10.07	-5.99	494.32	34.29	318.57
1962	4	17.09	-0.66	587.71	2.48	318.45
1962	5	22.17	4.65	428.63	23.02	318.2
1962	6	27.65	10.39	541.62	32.79	318.27
1962	7	27.27	10.56	461.56	131.0	318.67
1962	8	25.42	9.9	432.76	107.13	318.48
1962	9	22.13	6.02	444.44	37.75	319.03
1962	10	18.18	0.5	358.63	15.96	318.33
1962	11	6.59	-7.48	329.23	58.28	318.62
1962	12	4.65	-7.07	300.13	40.92	318.61
1963	1	2.06	-11.18	316.73	58.23	318.91
1963	2	9.09	-5.99	363.96	24.76	318.68
1963	3	13.57	-2.42	515.8	11.43	318.69
1963	4	14.62	-1.58	529.72	49.84	319.09
1963	5	18.83	3.17	509.75	58.0	319.39
1963	6	23.2	7.82	518.72	104.38	319.16
1963	7	26.05	10.7	480.4	177.67	318.77
1963	8	23.44	8.81	387.62	116.98	318.83
1963	9	21.68	6.36	472.83	56.29	319.06
1963	10	19.72	2.64	363.14	29.5	319.0
1963	11	11.72	-5.15	325.18	4.49	319.1
1963	12	8.66	-6.55	317.4	30.28	319.25
1964	1	4.12	-9.21	298.59	13.19	319.67
1964	2	9.45	-5.91	387.88	12.05	319.61
1964	3	12.58	-4.53	470.3	2.67	319.55
1964	4	16.89	0.16	491.28	21.91	319.48
1964	5	22.93	5.17	461.01	19.46	319.42
1964	6	29.29	9.44	516.65	2.91	319.69
1964	7	27.58	10.83	476.77	49.02	319.58
1964	8	28.42	11.76	431.44	69.21	319.81
1964	9	22.26	5.38	421.94	43.2	319.56
1964	10	18.54	2.35	346.47	22.45	319.78
1964	11	9.58	-5.14	293.05	15.33	319.72
1964	12	-1.69	-16.18	269.67	19.33	319.59
1965	1	2.74	-9.35	322.7	11.04	319.48
1965	2	5.0	-8.21	418.95	17.16	319.97
1965	3	8.09	-5.59	445.14	42.01	319.65
1965	4	12.82	-2.83	504.09	30.08	319.8
1965	5	20.76	4.26	495.88	29.99	319.36
1965	6	28.83	10.13	512.66	18.06	319.65
1965	7	27.46	11.58	502.8	71.35	320.51
1965	8	27.99	10.41	426.36	47.82	319.93
1965	9	24.02	8.24	419.92	42.38	320.68
1965	10	19.39	1.31	407.22	19.92	320.36
1965	11	8.88	-4.45	299.02	50.94	320.87
1965	12	5.49	-7.72	274.81	14.33	320.26
1966	1	4.53	-8.43	324.8	12.31	320.63
1966	2	9.38	-6.02	389.38	17.25	321.1
1966	3	11.88	-4.03	480.65	15.8	321.16
1966	4	17.82	-1.37	503.01	11.87	321.51
1966	5	21.25	3.73	535.51	79.16	321.18
1966	6	25.71	7.37	481.32	47.87	321.52
1966	7	25.66	9.82	456.91	95.77	321.49
1966	8	27.9	10.31	431.69	82.17	321.5
1966	9	24.96	5.8	420.54	6.78	321.54
1966	10	17.31	-0.46	366.53	75.87	321.18
1966	11	7.29	-7.52	324.52	12.29	321.84
1966	12	7.09	-7.93	308.42	10.62	321.95
1967	1	7.9	-8.4	320.69	5.3	322.07
1967	2	10.38	-5.84	402.23	20.87	321.94
1967	3	9.83	-6.34	567.74	19.89	321.72
1967	4	16.78	-0.15	523.99	35.37	322.05
1967	5	25.09	4.81	531.38	14.48	322.27
1967	6	29.52	9.7	504.83	3.36	321.94
1967	7	27.48	10.81	448.66	75.82	321.66
1967	8	25.22	9.25	437.05	98.91	322.04
1967	9	24.63	7.56	417.66	28.08	322.19
1967	10	19.53	2.16	380.12	14.37	322.36
1967	11	12.91	-5.86	300.83	21.11	322.78
1967	12	8.08	-8.97	288.89	5.01	322.86
1968	1	4.53	-10.47	321.61	8.24	322.55
1968	2	9.78	-7.43	380.97	23.92	322.56
1968	3	10.23	-6.35	467.68	6.43	322.59
1968	4	14.4	-2.32	518.56	9.83	322.73
1968	5	21.37	3.0	546.53	55.11	322.87
1968	6	25.11	8.21	523.47	58.64	323.2
1968	7	26.59	11.02	406.28	69.44	323.25
1968	8	25.03	10.31	458.32	113.01	323.15
1968	9	23.9	7.37	448.06	28.0	323.31
1968	10	15.59	-2.95	322.98	11.22	323.32
1968	11	11.67	-7.26	322.06	1.66	323.32
1968	12	1.42	-12.02	299.28	23.21	323.69
1969	1	3.54	-11.02	310.92	16.88	323.98
1969	2	4.31	-7.84	433.22	23.62	323.89
1969	3	9.12	-5.08	452.49	51.67	324.41
1969	4	15.08	-1.37	501.28	13.85	324.35
1969	5	21.12	4.01	495.0	9.2	324.57
1969	6	25.85	7.39	495.68	29.05	324.63
1969	7	27.31	10.44	444.1	67.93	325.08
1969	8	25.39	9.1	439.0	71.45	324.8
1969	9	25.39	8.14	429.54	12.75	325.28
1969	10	17.91	-0.09	388.87	12.91	324.84
1969	11	9.09	-6.22	317.52	17.5	324.78
1969	12	5.79	-9.77	272.94	8.64	324.88
1970	1	6.02	-10.88	328.29	3.02	325.04
1970	2	8.68	-5.93	397.61	52.27	325.42
1970	3	8.91	-6.52	426.9	22.36	325.69
1970	4	17.06	-0.5	512.5	27.75	325.86
1970	5	20.88	3.99	541.54	23.95	325.27
1970	6	26.54	8.75	482.36	55.8	325.52
1970	7	27.74	11.12	476.8	69.19	325.51
1970	8	27.02	10.04	455.1	67.26	325.76
1970	9	22.65	7.44	450.51	89.22	325.93
1970	10	16.76	0.57	308.05	32.33	326.15
1970	11	11.34	-5.6	328.35	6.81	325.96
1970	12	6.68	-7.93	303.35	14.75	326.06
1971	1	8.42	-7.65	320.86	26.52	326.25
1971	2	6.7	-9.41	405.49	8.25	326.1
1971	3	14.19	-3.25	502.35	2.24	325.94
1971	4	18.41	-1.09	538.69	18.23	325.47
1971	5	24.01	5.77	515.44	8.64	326.11
1971	6	25.26	7.47	523.82	31.55	326.4
1971	7	29.85	11.7	453.33	37.28	326.45
1971	8	27.07	10.24	436.03	100.76	326.49
1971	9	22.47	5.58	461.42	35.45	326.19
1971	10	15.68	0.81	373.55	66.88	326.58
1971	11	9.29	-3.67	285.2	27.58	326.82
1971	12	6.31	-7.94	301.57	22.7	327.02
1972	1	5.86	-7.12	320.22	38.94	326.85
1972	2	9.82	-5.31	437.09	25.26	327.04
1972	3	10.11	-3.81	515.56	54.03	326.53
1972	4	14.14	-1.65	497.92	20.71	327.42
1972	5	20.54	3.07	537.49	11.19	327.23
1972	6	28.52	8.62	521.01	22.86	326.92
1972	7	28.68	12.16	452.31	132.23	327.2
1972	8	28.83	10.97	487.04	21.54	327.37
1972	9	26.1	6.82	381.31	11.34	327.76
1972	10	16.42	-0.16	355.68	40.63	328.06
1972	11	7.89	-3.98	306.86	57.06	328.5
1972	12	7.11	-6.39	268.32	14.32	328.56
1973	1	4.23	-8.41	331.31	31.88	328.58
1973	2	8.12	-6.8	304.84	11.43	328.86
1973	3	11.62	-3.96	472.97	45.35	328.99
1973	4	17.58	-0.22	506.2	2.33	329.14
1973	5	22.99	3.76	520.06	10.84	329.62
1973	6	28.8	8.77	513.06	10.18	329.94
1973	7	26.7	12.03	511.36	145.05	330.05
1973	8	24.1	9.58	434.17	88.23	330.42
1973	9	21.18	7.34	444.36	59.42	330.45
1973	10	16.71	2.28	361.07	79.22	330.24
1973	11	10.16	-5.14	289.36	13.28	330.16
1973	12	5.51	-7.07	292.89	31.66	329.66
1974	1	6.72	-6.9	322.02	20.21	329.45
1974	2	8.54	-5.47	386.05	14.89	330.12
1974	3	8.63	-6.01	479.29	38.46	330.2
1974	4	17.3	-0.93	436.88	7.83	330.26
1974	5	22.57	3.46	524.98	10.11	330.28
1974	6	28.92	8.17	504.75	4.76	329.94
1974	7	27.95	11.69	485.18	67.66	330.23
1974	8	26.4	10.45	459.66	126.99	330.26
1974	9	24.66	7.35	413.79	30.83	330.28
1974	10	20.66	1.08	342.66	4.74	330.36
1974	11	9.03	-6.87	279.34	19.37	330.28
1974	12	7.97	-8.56	309.23	7.49	330.55
1975	1	5.09	-9.87	278.16	11.25	330.89
1975	2	10.66	-6.39	331.17	6.46	330.93
1975	3	16.83	-3.13	460.38	2.65	330.54
1975	4	17.97	-0.46	516.16	4.26	330.67
1975	5	19.67	2.15	508.42	6.9	330.98
1975	6	24.56	7.21	515.61	45.83	331.2
1975	7	25.78	11.09	501.14	95.69	331.12
1975	8	27.88	9.09	457.67	22.37	331.11
1975	9	22.82	5.55	424.1	28.74	331.48
1975	10	17.05	2.24	340.49	80.37	331.46
1975	11	11.5	-4.07	317.62	14.21	331.41
1975	12	9.59	-7.77	291.23	12.24	331.6
1976	1	2.56	-11.14	337.14	27.63	331.79
1976	2	4.51	-9.43	423.21	25.76	332.2
1976	3	9.86	-4.91	442.39	34.61	332.05
1976	4	13.15	-1.62	526.23	33.66	332.13
1976	5	17.66	2.3	516.97	36.65	331.84
1976	6	24.28	6.52	505.52	11.71	331.65
1976	7	30.86	11.71	416.08	24.29	332.14
1976	8	27.44	10.91	408.96	80.72	331.88
1976	9	23.81	6.16	438.67	19.0	331.94
1976	10	20.99	2.83	356.2	15.85	331.92
1976	11	8.04	-6.19	311.25	43.13	332.29
1976	12	6.13	-7.7	274.04	17.92	332.66
1977	1	5.37	-9.42	313.45	9.26	332.76
1977	2	8.15	-6.85	408.34	21.91	332.51
1977	3	10.93	-3.72	474.73	62.7	333.35
1977	4	16.29	1.21	487.25	38.82	333.51
1977	5	23.57	5.9	502.25	7.24	333.98
1977	6	27.28	8.65	508.29	34.64	333.8
1977	7	29.87	11.75	436.66	22.63	334.02
1977	8	29.39	11.53	455.45	45.04	333.91
1977	9	23.17	7.28	405.91	48.56	334.36
1977	10	15.59	0.84	382.77	60.2	334.52
1977	11	10.11	-3.92	305.14	52.01	334.64
1977	12	3.47	-11.0	273.49	20.24	334.61
1978	1	6.73	-7.22	337.94	16.87	335.01
1978	2	4.38	-7.73	400.95	16.61	334.58
1978	3	8.17	-6.98	541.45	38.33	335.0
1978	4	11.94	-2.13	564.86	33.26	335.06
1978	5	18.9	2.49	491.47	32.77	335.06
1978	6	27.35	8.27	547.1	30.41	335.59
1978	7	29.68	12.11	414.08	79.75	335.57
1978	8	28.19	11.27	431.56	39.57	335.87
1978	9	23.03	7.21	447.54	28.92	335.51
1978	10	15.24	0.5	358.35	56.95	335.68
1978	11	9.78	-4.48	293.42	32.92	335.99
1978	12	3.3	-8.38	263.36	34.04	335.88
1979	1	5.41	-6.19	333.04	20.72	336.22
1979	2	3.31	-8.68	422.0	27.45	336.01
1979	3	11.74	-4.05	439.77	26.21	336.54
1979	4	16.0	-0.52	511.59	37.03	336.24
1979	5	20.17	3.14	492.87	35.99	336.21
1979	6	26.89	8.11	473.23	16.49	336.84
1979	7	28.22	10.1	475.75	40.53	336.72
1979	8	27.7	10.77	463.77	56.14	337.24
1979	9	22.41	7.52	407.74	45.66	337.2
1979	10	15.29	0.75	354.62	98.54	337.53
1979	11	9.85	-4.64	327.22	12.59	337.57
1979	12	7.3	-8.6	281.97	4.94	337.79
1980	1	6.35	-7.45	285.2	23.12	338.09
1980	2	8.62	-6.62	352.66	13.56	337.82
1980	3	10.51	-4.85	417.98	32.45	338.43
1980	4	17.51	-1.06	515.54	10.5	338.3
1980	5	21.53	3.49	504.78	13.75	338.43
1980	6	28.02	10.53	540.17	63.01	338.84
1980	7	26.81	11.29	523.57	92.85	338.54
1980	8	26.25	10.56	460.88	102.68	339.12
1980	9	25.02	7.75	417.7	26.18	339.33
1980	10	16.29	0.32	376.94	43.17	339.42
1980	11	7.13	-6.41	301.59	18.47	339.42
1980	12	7.39	-8.49	316.91	9.73	339.26
1981	1	3.8	-10.52	316.79	12.52	339.38
1981	2	3.53	-11.27	391.18	35.07	339.93
1981	3	12.33	-4.31	401.14	28.23	340.06
1981	4	18.51	1.21	511.68	10.8	339.94
1981	5	22.19	4.95	479.45	92.83	339.98
1981	6	28.87	9.82	528.75	9.46	340.07
1981	7	28.68	11.36	457.2	56.55	339.92
1981	8	24.4	10.2	426.02	130.13	339.86
1981	9	21.11	6.36	417.46	62.42	340.17
1981	10	17.41	1.21	361.29	23.28	340.43
1981	11	8.91	-4.32	306.66	29.82	340.74
1981	12	5.85	-7.48	267.07	28.26	340.79
1982	1	4.83	-7.76	314.53	21.79	341.1
1982	2	7.0	-5.9	402.36	14.16	341.1
1982	3	10.96	-4.08	455.41	14.24	341.21
1982	4	15.1	-1.0	515.34	70.49	341.37
1982	5	18.36	1.69	516.06	27.92	341.56
1982	6	28.1	10.09	541.34	15.72	341.35
1982	7	28.97	11.34	481.06	88.63	341.55
1982	8	25.29	9.76	458.24	62.66	341.51
1982	9	20.63	5.48	402.52	113.1	341.47
1982	10	16.51	-0.86	386.66	28.43	341.65
1982	11	8.81	-5.0	276.71	33.25	341.73
1982	12	4.72	-7.33	288.48	68.24	341.79
1983	1	6.11	-7.0	314.7	7.02	341.84
1983	2	11.55	-4.06	403.64	16.56	342.32
1983	3	13.27	-2.63	444.57	57.58	341.82
1983	4	14.43	-1.2	582.07	49.46	342.66
1983	5	19.35	3.96	528.62	46.73	342.87
1983	6	25.57	8.26	520.59	10.93	343.15
1983	7	28.35	12.31	487.62	70.39	343.44
1983	8	27.96	10.76	459.61	42.47	343.66
1983	9	23.62	6.16	420.92	31.71	343.49
1983	10	15.58	-0.14	359.89	62.36	343.72
1983	11	11.6	-2.69	298.0	13.27	343.71
1983	12	3.64	-10.97	279.23	6.07	343.96
1984	1	2.99	-10.54	333.35	19.79	344.2
1984	2	7.16	-6.83	405.4	21.29	344.22
1984	3	11.58	-3.82	462.9	6.32	344.09
1984	4	17.02	-1.08	542.32	5.18	344.27
1984	5	20.17	3.58	529.92	42.96	344.45
1984	6	26.88	8.06	463.58	8.77	344.51
1984	7	29.91	12.12	482.4	42.15	344.76
1984	8	26.44	10.38	430.45	94.51	344.94
1984	9	21.69	7.91	431.37	44.62	344.58
1984	10	19.08	1.24	348.07	5.4	345.01
1984	11	12.52	-4.78	311.1	21.9	345.2
1984	12	5.19	-11.22	264.91	15.21	345.57
1985	1	8.37	-7.62	319.27	25.98	345.31
1985	2	7.41	-8.06	413.21	14.08	345.61
1985	3	13.88	-4.99	425.05	5.97	346.37
1985	4	19.68	0.94	496.04	8.2	345.79
1985	5	23.82	3.37	489.59	4.9	345.91
1985	6	27.78	9.94	494.25	36.24	345.94
1985	7	28.84	11.87	466.87	91.21	345.89
1985	8	27.53	10.14	481.25	59.17	346.34
1985	9	22.72	7.66	403.41	35.31	346.4
1985	10	18.51	2.19	352.42	20.38	346.42
1985	11	10.81	-3.31	300.81	36.64	346.61
1985	12	5.6	-7.58	316.04	17.34	346.81
1986	1	4.62	-10.48	337.43	39.09	346.59
1986	2	4.69	-9.25	371.0	7.07	346.74
1986	3	11.08	-4.74	483.94	0.11	346.68
1986	4	15.01	-1.33	460.37	37.51	347.22
1986	5	22.91	5.56	486.0	13.76	347.26
1986	6	29.31	9.33	466.85	17.72	347.52
1986	7	30.88	13.39	483.08	14.5	347.33
1986	8	27.96	11.02	462.77	69.67	347.4
1986	9	24.17	8.29	395.93	67.27	348.35
1986	10	15.74	1.08	367.1	45.17	347.77
1986	11	7.05	-5.5	289.01	36.93	348.04
1986	12	1.6	-12.81	288.06	12.67	348.13
1987	1	0.36	-14.96	320.3	15.18	348.47
1987	2	4.83	-8.06	377.0	33.01	348.02
1987	3	10.16	-4.74	464.33	29.34	348.3
1987	4	11.93	-2.63	523.44	46.5	348.77
1987	5	20.18	4.06	446.51	20.56	349.01
1987	6	26.36	8.03	528.44	11.28	349.2
1987	7	28.48	12.84	502.52	126.84	349.39
1987	8	26.88	10.78	424.08	67.38	349.5
1987	9	23.19	7.24	463.35	32.18	349.7
1987	10	17.42	3.61	374.88	96.72	349.86
1987	11	7.78	-4.76	297.86	43.65	350.07
1987	12	4.32	-8.35	272.73	22.7	350.05
1988	1	8.02	-6.56	322.2	3.32	350.38
1988	2	8.48	-5.71	411.51	31.17	350.94
1988	3	7.55	-5.2	493.21	71.76	350.87
1988	4	14.21	-1.31	493.15	37.69	351.01
1988	5	16.36	1.14	509.12	31.03	351.06
1988	6	24.57	8.1	458.98	67.66	351.37
1988	7	26.61	9.44	466.46	53.77	352.02
1988	8	26.04	10.77	410.92	101.02	351.9
1988	9	24.37	6.57	426.9	2.52	352.13
1988	10	15.16	0.94	382.19	78.64	352.41
1988	11	7.99	-6.48	293.63	4.88	352.34
1988	12	6.69	-7.42	310.52	12.48	352.35
1989	1	4.98	-10.78	326.99	37.09	352.85
1989	2	7.75	-6.14	414.95	23.36	352.54
1989	3	9.61	-4.86	519.6	40.17	352.47
1989	4	16.93	-1.82	560.18	0.36	352.97
1989	5	22.48	4.17	532.2	43.11	352.67
1989	6	25.77	9.32	535.18	65.45	352.97
1989	7	28.31	11.29	465.26	68.61	353.3
1989	8	26.35	10.79	471.42	107.28	353.37
1989	9	23.6	5.99	445.94	21.05	353.32
1989	10	20.34	3.42	357.33	18.07	353.52
1989	11	12.75	-6.88	304.47	6.84	353.65
1989	12	8.81	-7.01	309.23	12.16	353.81
1990	1	2.69	-12.48	332.22	19.52	353.75
1990	2	6.66	-8.16	407.96	10.2	354.33
1990	3	14.01	-3.51	501.63	5.21	354.24
1990	4	18.46	-1.82	507.17	1.21	353.68
1990	5	22.05	4.64	516.6	19.9	354.16
1990	6	30.56	9.62	542.26	12.73	353.97
1990	7	29.68	12.72	415.34	76.71	354.19
1990	8	26.28	9.7	454.49	66.81	354.61
1990	9	24.99	8.48	406.71	24.15	354.61
1990	10	20.29	1.13	396.72	34.42	354.89
1990	11	9.56	-4.75	299.08	24.98	355.13
1990	12	6.07	-7.98	284.94	15.38	355.19
1991	1	5.22	-8.52	331.9	14.13	354.82
1991	2	8.68	-6.55	420.62	11.86	355.02
1991	3	14.33	-3.47	461.0	5.92	355.67
1991	4	17.89	-2.29	532.86	2.55	356.02
1991	5	23.36	5.38	517.35	34.25	356.0
1991	6	25.96	7.73	481.34	25.97	355.8
1991	7	29.64	12.22	433.59	48.56	355.59
1991	8	27.34	10.32	434.58	90.56	355.46
1991	9	25.23	6.53	417.35	14.44	355.56
1991	10	20.01	0.8	383.18	15.52	355.62
1991	11	8.75	-6.24	290.22	35.51	355.8
1991	12	5.78	-10.36	287.85	5.89	355.93
1992	1	1.94	-11.75	342.85	8.66	356.2
1992	2	6.43	-8.52	410.87	13.86	356.38
1992	3	15.78	-2.22	494.32	2.35	356.27
1992	4	17.63	0.65	587.71	38.23	356.39
1992	5	23.56	3.15	428.63	18.59	356.41
1992	6	28.3	8.81	541.62	8.85	356.97
1992	7	29.28	11.49	461.56	59.13	356.44
1992	8	28.55	11.66	432.76	85.47	356.62
1992	9	25.88	8.86	444.44	19.74	356.29
1992	10	17.34	0.25	358.63	33.9	356.63
1992	11	8.49	-6.34	329.23	47.02	356.38
1992	12	4.59	-9.66	300.13	22.0	356.39
1993	1	7.77	-7.65	316.73	7.31	356.96
1993	2	8.04	-6.39	363.96	9.77	356.44
1993	3	13.96	-4.08	515.8	0.98	356.76
1993	4	17.3	-0.62	529.72	7.15	356.59
1993	5	20.96	3.23	509.75	19.62	357.03
1993	6	27.35	9.14	518.72	14.29	357.12
1993	7	28.28	10.4	480.4	74.22	356.76
1993	8	26.19	10.21	387.62	107.49	357.32
1993	9	23.49	6.59	472.83	31.14	357.39
1993	10	19.21	1.78	363.14	14.05	357.49
1993	11	10.92	-7.74	325.18	3.79	357.54
1993	12	4.51	-8.79	317.4	23.65	357.8
1994	1	5.19	-8.68	298.59	11.11	358.13
1994	2	7.22	-8.03	387.88	12.17	358.09
1994	3	11.21	-4.65	470.3	11.31	358.29
1994	4	15.9	-1.32	491.28	26.58	358.46
1994	5	23.15	5.66	461.01	31.38	358.46
1994	6	24.8	7.84	516.65	98.52	358.44
1994	7	30.29	12.95	476.77	65.47	358.79
1994	8	26.81	9.73	431.44	58.59	359.16
1994	9	27.11	8.97	421.94	24.83	359.17
1994	10	18.99	2.65	346.47	49.0	359.49
1994	11	11.59	-5.71	293.05	3.18	359.68
1994	12	5.48	-10.69	269.67	24.06	359.83
1995	1	2.29	-12.94	322.7	12.34	359.79
1995	2	7.01	-7.98	418.95	17.03	360.05
1995	3	12.74	-4.02	445.14	22.13	360.22
1995	4	16.37	-1.11	504.09	40.51	360.62
1995	5	25.29	4.74	495.88	3.68	360.58
1995	6	26.48	9.07	512.66	41.07	360.84
1995	7	27.19	11.38	502.8	79.79	360.97
1995	8	26.19	10.65	426.36	91.9	360.73
1995	9	25.35	7.48	419.92	47.29	361.55
1995	10	18.57	0.29	407.22	11.16	361.37
1995	11	15.18	-3.64	299.02	5.85	361.59
1995	12	3.39	-9.43	274.81	45.94	361.53
1996	1	4.4	-10.42	324.8	14.11	361.85
1996	2	8.97	-5.82	389.38	23.65	362.35
1996	3	10.47	-5.4	480.65	23.01	362.53
1996	4	19.95	1.58	503.01	8.58	361.86
1996	5	22.37	4.4	535.51	16.44	362.1
1996	6	26.68	9.73	481.32	32.4	362.69
1996	7	26.03	10.61	456.91	96.58	362.85
1996	8	25.86	10.11	431.69	86.89	362.98
1996	9	24.49	7.6	420.54	63.33	362.99
1996	10	18.65	2.11	366.53	24.69	362.97
1996	11	11.31	-3.18	324.52	30.41	363.03
1996	12	5.94	-8.2	308.42	15.25	363.08
1997	1	7.36	-7.65	320.69	5.72	362.88
1997	2	8.19	-7.64	402.23	10.06	363.22
1997	3	13.67	-3.87	567.74	1.61	362.88
1997	4	17.69	0.5	523.99	46.87	363.68
1997	5	21.21	3.45	531.38	41.16	363.74
1997	6	24.41	8.75	504.83	32.0	363.41
1997	7	27.89	11.22	448.66	69.83	363.6
1997	8	27.14	10.55	437.05	104.36	363.84
1997	9	23.32	8.4	417.66	28.09	363.68
1997	10	20.34	3.47	380.12	41.82	364.12
1997	11	11.75	-3.92	300.83	11.89	364.56
1997	12	3.97	-9.01	288.89	20.35	365.15
1998	1	7.33	-7.23	321.61	9.29	365.07
1998	2	10.66	-5.06	380.97	26.35	365.17
1998	3	8.69	-6.31	467.68	26.04	365.6
1998	4	15.15	-2.05	518.56	9.68	366.03
1998	5	22.16	5.52	546.53	54.35	366.55
1998	6	24.22	7.89	523.47	33.12	366.8
1998	7	29.22	12.07	406.28	34.98	367.14
1998	8	28.47	11.57	458.32	44.4	367.55
1998	9	24.67	8.56	448.06	52.96	367.37
1998	10	18.65	0.75	322.98	54.42	367.67
1998	11	11.67	-3.33	322.06	31.95	367.56
1998	12	4.54	-8.77	299.28	19.72	367.88
1999	1	6.42	-7.69	310.92	29.57	367.96
1999	2	6.46	-6.46	433.22	29.4	368.26
1999	3	10.88	-4.96	452.49	11.37	368.08
1999	4	16.35	1.11	501.28	65.8	368.45
1999	5	19.62	3.28	495.0	16.66	368.15
1999	6	27.41	10.41	495.68	44.65	368.13
1999	7	30.02	12.67	444.1	50.37	368.77
1999	8	26.61	12.13	439.0	112.55	368.48
1999	9	22.01	8.02	429.54	80.27	368.13
1999	10	16.97	2.7	388.87	36.47	368.64
1999	11	10.84	-2.03	317.52	86.27	368.71
1999	12	5.95	-6.62	272.94	19.54	368.77
2000	1	6.72	-6.71	328.29	10.84	369.08
2000	2	4.87	-6.71	397.61	42.07	368.83
2000	3	8.96	-4.26	426.9	96.52	369.09
2000	4	14.22	-0.65	512.5	39.76	369.28
2000	5	19.77	4.61	541.54	27.5	368.71
2000	6	27.78	8.9	482.36	17.23	369.5
2000	7	28.2	13.08	476.8	142.84	369.2
2000	8	24.39	10.72	455.1	114.94	369.72
2000	9	24.54	8.8	450.51	33.23	370.3
2000	10	16.63	1.63	308.05	25.19	370.26
2000	11	10.12	-5.34	328.35	16.37	370.32
2000	12	5.99	-8.46	303.35	18.16	370.3
2001	1	6.61	-6.91	320.86	40.85	370.43
2001	2	4.63	-8.09	405.49	24.49	370.78
2001	3	11.3	-4.12	502.35	22.7	370.87
2001	4	13.76	-1.73	538.69	14.12	370.81
2001	5	21.08	4.46	515.44	35.66	370.94
2001	6	28.6	9.84	523.82	38.96	370.99
2001	7	29.6	12.82	453.33	84.97	370.9
2001	8	29.38	11.79	436.03	51.62	371.22
2001	9	25.71	7.84	461.42	7.12	371.44
2001	10	17.62	0.88	373.55	45.37	371.69
2001	11	9.12	-5.24	285.2	22.2	371.74
2001	12	6.21	-9.11	301.57	9.07	371.92
2002	1	7.74	-8.94	320.22	4.44	372.3
2002	2	10.63	-5.11	437.09	22.17	372.33
2002	3	12.01	-4.17	515.56	13.13	372.44
2002	4	20.55	1.57	497.92	3.74	372.37
2002	5	23.39	4.84	537.49	25.83	372.81
2002	6	25.77	9.53	521.01	74.39	373.3
2002	7	28.68	12.02	452.31	68.98	373.42
2002	8	25.66	10.51	487.04	114.4	373.52
2002	9	22.6	7.04	381.31	44.63	374.11
2002	10	16.87	1.63	355.68	32.98	373.88
2002	11	13.88	-2.87	306.86	3.18	374.34
2002	12	7.75	-7.67	268.32	28.2	374.54
2003	1	6.61	-8.24	331.31	20.14	374.63
2003	2	10.22	-6.33	304.84	1.39	374.77
2003	3	15.9	-3.17	472.97	3.5	374.8
2003	4	19.69	0.35	506.2	4.54	375.06
2003	5	28.25	6.38	520.06	1.37	375.55
2003	6	28.15	9.74	513.06	11.93	376.03
2003	7	31.09	13.12	511.36	54.82	376.19
2003	8	27.57	10.88	434.17	83.59	376.08
2003	9	22.18	6.6	444.36	84.46	376.48
2003	10	17.8	1.75	361.07	69.84	376.47
2003	11	12.36	-3.91	289.36	30.38	376.81
2003	12	4.81	-7.8	292.89	24.7	376.75
2004	1	5.16	-8.68	322.02	28.12	376.78
2004	2	3.78	-8.15	386.05	71.11	377.02
2004	3	8.49	-4.64	479.29	74.56	377.23
2004	4	16.62	0.93	436.88	24.85	377.62
2004	5	20.01	4.97	524.98	60.35	377.48
2004	6	27.15	9.85	504.75	33.22	377.39
2004	7	28.63	12.42	485.18	70.57	376.94
2004	8	27.1	13.03	459.66	172.33	377.74
2004	9	20.79	4.68	413.79	29.19	377.62
2004	10	17.02	1.28	342.66	51.44	377.82
2004	11	7.89	-5.07	279.34	47.44	378.31
2004	12	5.92	-7.38	309.23	23.76	378.31
2005-2050	1	6.16	-7.03	278.16	7.09	378.21
2005-2050	2	5.94	-7.15	331.17	26.35	378.93
2005-2050	3	11.73	-4.44	460.38	4.96	379.27
2005-2050	4	17.69	-1.14	516.16	0.91	379.65
2005-2050	5	24.0	5.06	508.42	15.25	379.31
2005-2050	6	28.79	7.68	515.61	3.42	379.88
2005-2050	7	29.73	11.68	501.14	56.19	380.18
2005-2050	8	28.71	10.64	457.67	25.09	380.42
2005-2050	9	28.07	8.93	424.1	12.4	380.01
2005-2050	10	21.06	0.29	340.49	1.14	380.31
2005-2050	11	16.03	-1.89	317.62	5.81	380.5
2005-2050	12	7.21	-7.25	291.23	27.93	380.9
